total,daily,loss
4.20997,0.00301215,-nan
25.9268,0.00723765,-nan
129.561,0.0202089,-nan
86.5827,0.0157592,-nan
157.022,0.0226376,-nan
40.7765,0.00922842,-nan
94.9648,0.0161766,-nan
139.9,0.0205288,-nan
122.008,0.0187666,-nan
34.5223,0.00815096,-nan
107.397,0.0172379,-nan
7.4437,0.0029528,-nan
69.6287,0.0126766,-nan
152.724,0.0211371,-nan
82.0478,0.0139751,-nan
83.2313,0.0140974,-nan
116.001,0.0174263,-nan
68.1544,0.0123281,-nan
136.156,0.0192512,-nan
95.0098,0.0151446,-nan
139.913,0.0194418,-nan
107.242,0.0162356,0.239686
106.215,0.016142,0.281447
106.136,0.0161109,0.338007
100.087,0.0154686,0.389699
95.6293,0.0149994,0.437342
82.9622,0.0135947,0.47127
118.199,0.017339,0.508116
115.572,0.0170768,0.537692
104.27,0.0159182,0.571345
106.79,0.0161786,0.600887
105.653,0.0160652,0.628723
104.902,0.0159693,0.661697
106.797,0.016174,0.692446
103.714,0.0158526,0.709969
93.5412,0.0147629,0.732094
122.108,0.0176965,0.758
123.745,0.0178708,0.775958
103.952,0.0158779,0.795607
112.389,0.0167537,0.813464
110.525,0.0166797,0.830789
101.811,0.0156531,0.849182
97.8895,0.0152358,0.870054
102.41,0.0157355,0.888564
117.632,0.0172879,0.908469
99.1938,0.0154126,0.925754
115.594,0.0171045,0.943574
117.268,0.0172956,0.960114
108.363,0.0163953,0.981691
115.138,0.0170742,1.00488
121.425,0.0177046,1.01821
132.61,0.0187807,1.03203
114.925,0.0170727,1.05451
119.159,0.0175085,1.07472
121.355,0.0177316,1.09891
115.082,0.0171333,1.12197
125.768,0.0181942,1.14036
131.032,0.0186903,1.16485
104.979,0.0161677,1.18546
128.965,0.0185361,1.20458
122.556,0.0179433,1.23003
127.482,0.018407,1.25219
113.723,0.0170888,1.26799
132.723,0.0189092,1.28492
134.999,0.0191404,1.30505
124.998,0.0182351,1.31983
143.402,0.0199143,1.33311
130.789,0.0187862,1.35221
131.401,0.0188894,1.37449
127.653,0.0185398,1.39046
144.372,0.0201098,1.40839
113.485,0.017275,1.42661
131.512,0.0189783,1.44398
152.122,0.0208677,1.45908
155.77,0.0211954,1.47988
141.427,0.0199732,1.49028
143.926,0.0202012,1.49989
146.092,0.0203991,1.5133
159.767,0.0215835,1.52706
143.168,0.0202086,1.53485
177.71,0.0230764,1.55584
161.399,0.0218155,1.57294
175.863,0.0229963,1.57838
156.514,0.0214566,1.59062
159.828,0.0217407,1.60912
164.478,0.0221349,1.61977
147.886,0.0207439,1.63459
160.526,0.0218016,1.63732
169.994,0.0225934,1.64999
149.205,0.0208941,1.65867
145.988,0.0206244,1.67302
187.458,0.023945,1.68056
169.101,0.0225357,1.68912
142.075,0.020291,1.69716
157.515,0.0216046,1.70211
143.289,0.0203622,1.71762
156.38,0.0214975,1.73826
178.992,0.0233614,1.7499
178.199,0.0233233,1.7582
176.892,0.023291,1.76262
