value
0.997877
0.999262
0.996909
0.99639
0.990876
0.993428
0.992721
0.991858
0.993571
0.995254
0.997006
0.997838
0.99579
0.997287
1.00066
1.00139
1.00486
1.00465
1.00703
1.00781
1.00715
1.00473
1.00407
1.0075
1.01599
1.01681
1.01293
1.01897
1.01249
1.01345
1.01113
1.01022
1.011
1.00873
1.01015
1.00888
1.00962
1.00328
1.00588
1.01323
1.01307
1.01414
1.01583
1.01982
1.02221
1.02487
1.0208
1.02624
1.03267
1.03816
1.0457
1.0458
1.04691
1.04747
1.0508
1.0474
1.0545
1.05896
1.05331
1.05074
1.05112
1.04918
1.05938
1.06186
1.06312
1.06428
1.05617
1.05844
1.05443
1.06176
1.0589
1.05014
1.04542
1.05353
1.05159
1.0587
1.05732
1.06008
1.06105
1.05145
1.04233
1.04776
1.04662
1.04224
1.04579
1.04752
1.05573
1.05658
1.05927
1.0578
1.05751
1.07255
1.08038
1.07991
1.08717
1.09051
1.08822
1.09294
1.09554
1.09775
1.08763
1.10345
1.10602
1.11166
1.11301
1.12
1.12581
1.13224
1.1312
1.12007
1.10311
1.10096
1.09755
1.0993
1.0875
1.09242
1.10072
1.10041
1.1072
1.11772
1.11784
1.11929
1.1347
1.13606
1.12402
1.14123
1.15346
1.14646
1.1513
1.15148
1.1634
1.1618
1.14538
1.16709
1.16141
1.16742
1.16744
1.17346
1.17047
1.16914
1.18254
1.18206
1.18333
1.18658
1.18152
1.18511
1.15936
1.16277
1.17748
1.16305
1.15118
1.1595
1.1519
1.15936
1.16357
1.16654
1.16857
1.15994
1.17084
1.16607
1.17446
1.17497
1.18062
1.17575
1.16486
1.16287
1.1514
1.15445
1.14885
1.15464
1.16213
1.16526
1.16651
1.16306
1.16411
1.15976
1.15843
1.15873
1.17132
1.18056
1.17658
1.18851
1.20604
1.20024
1.20425
1.20153
1.20607
1.21472
1.20762
1.21964
1.21235
1.21814
1.21899
1.23641
1.24365
1.26399
1.23299
1.25819
1.24083
1.25226
1.26049
1.25238
1.27501
1.27673
1.28991
1.28878
1.29927
1.30358
1.29951
1.32061
1.3273
1.33311
1.33452
1.29926
1.3099
1.30765
1.30072
1.28237
1.27988
1.29101
1.26792
1.27259
1.27721
1.27643
1.26828
1.25148
1.25913
1.25798
1.25217
1.24946
1.23885
1.23509
1.23276
1.19641
1.19329
1.20758
1.21046
1.19942
1.20745
1.21423
1.21124
1.21461
1.21567
1.21137
1.21059
1.2221
1.23303
1.23884
1.24228
1.24496
1.2407
1.23808
1.25072
1.26019
1.2667
1.26951
1.25599
1.24667
1.25479
1.24185
1.23331
1.22843
1.2321
1.23519
1.24369
1.24486
1.2448
1.25357
1.25686
1.25203
1.25263
1.25507
1.25175
1.2551
1.24525
1.24173
1.23899
1.23564
1.23943
1.22709
1.22726
1.23829
1.23571
1.23441
1.23365
1.23431
1.22729
1.22674
1.23117
1.23922
1.2371
1.2467
1.24298
1.23127
1.22717
1.20811
1.20604
1.20856
1.19364
1.1971
1.2041
1.1925
1.19546
1.19946
1.20482
1.20599
1.20972
1.21981
1.2194
1.21706
1.21284
1.19481
1.18877
1.19368
1.19733
1.19912
1.19861
1.1977
1.20268
1.21376
1.21825
1.21328
1.21295
1.21825
1.21331
1.20674
1.2103
1.21403
1.21696
1.21642
1.22184
1.22331
1.23349
1.23763
1.24294
1.23855
1.23839
1.2302
1.24579
1.24114
1.23879
1.23417
1.23558
1.23186
1.23459
1.23567
1.23958
1.24042
1.24826
1.24941
1.24669
1.24305
1.25468
1.24976
1.24995
1.24699
1.23597
1.2364
1.22527
1.23524
1.23417
1.23451
1.23067
1.21821
1.21833
1.22574
1.22391
1.22144
1.22524
1.22923
1.23084
1.23895
1.24179
1.23132
1.22463
1.21169
1.21377
1.21803
1.21666
1.21822
1.23255
1.23076
1.23746
1.23324
1.24044
1.23792
1.25318
1.25454
1.25296
1.2533
1.2488
1.25318
1.25842
1.26246
1.25431
1.25521
1.25969
1.25724
1.26495
1.27196
1.26796
1.26852
1.27214
1.27278
1.27218
1.26158
1.28213
1.28087
1.28618
1.28972
1.26287
1.27381
1.267
1.24852
1.24155
1.25183
1.25245
1.25433
1.25296
1.25269
1.2479
1.2492
1.24897
1.25427
1.25552
1.2603
1.26402
1.2647
1.25873
1.26552
1.26394
1.2673
1.26332
1.26398
1.26458
1.26472
1.27452
1.27437
1.27099
1.27743
1.27617
1.27447
1.28194
1.28755
1.28316
1.28597
1.27748
1.28928
1.28494
1.27972
1.28058
1.27371
1.27837
1.27386
1.27045
1.27072
1.2793
1.28651
1.2864
1.28311
1.27925
1.26673
1.27009
1.26794
1.2696
1.26147
1.2564
1.25997
1.26253
1.25913
1.26234
1.25567
1.25725
1.25887
1.25545
1.2631
1.27071
1.27261
1.27097
1.27216
1.26329
1.25463
1.25869
1.25332
1.25762
1.25803
1.25946
1.25957
1.26397
1.25861
1.25708
1.25878
1.25584
1.24795
1.24822
1.25356
1.25276
1.25809
1.25553
1.2534
1.25718
1.26137
1.26068
1.25908
1.26416
1.26425
1.26257
1.262
1.26946
1.27266
1.2771
1.2758
1.27541
1.27097
1.25999
1.25974
1.26234
1.26354
1.26462
1.26347
1.27081
1.26863
1.26887
1.27064
1.26099
1.26993
1.26819
1.26927
1.26858
1.25472
1.25753
1.25928
1.25888
1.25957
1.25874
1.26319
1.26257
1.25954
1.26315
1.26083
1.26598
1.27427
1.27491
1.28494
1.28819
1.2964
1.29462
1.2929
1.29113
1.3003
1.30579
1.30321
1.31422
1.31085
1.31016
1.31009
1.30729
1.31272
1.3198
1.32367
1.31034
1.30705
1.31607
1.32067
1.31329
1.31748
1.31882
1.32281
1.32795
1.33301
1.33299
1.32714
1.34054
1.33784
1.32983
1.33461
1.33678
1.34092
1.35294
1.35621
1.35135
1.36093
1.35642
1.3706
1.3708
1.38396
1.38962
1.38976
1.38977
1.36332
1.36858
1.37708
1.35856
1.35809
1.35309
1.36854
1.36702
1.38288
1.37361
1.36942
1.36113
1.35463
1.36198
1.36968
1.36688
1.37141
1.36643
1.37504
1.36718
1.37695
1.36448
1.36789
1.36617
1.37242
1.36944
1.37789
1.37751
1.38406
1.38331
1.39062
1.38886
1.39911
1.40466
1.40281
1.40047
1.38338
1.41323
1.42053
1.42314
1.42644
1.4205
1.41745
1.4157
1.42175
1.42544
1.42607
1.43395
1.43372
1.43984
1.43631
1.44049
1.43777
1.4281
1.42647
1.42272
1.43013
1.43826
1.41008
1.44757
1.4352
1.43579
1.43729
1.43447
1.44581
1.45355
1.45259
1.45449
1.45065
1.4541
1.45885
1.46422
1.46718
1.4716
1.46273
1.47264
1.46718
1.46643
1.46593
1.46418
1.46485
1.46793
1.47228
1.47191
1.46219
1.44686
1.43816
1.43724
1.44711
1.45095
1.44972
1.44233
1.43455
1.42964
1.43023
1.43329
1.4384
1.44233
1.44568
1.44392
1.43963
1.43862
1.44151
1.44807
1.44442
1.43729
1.43151
1.43021
1.42589
1.41774
1.41987
1.42142
1.41375
1.41723
1.40751
1.41477
1.4156
1.41602
1.42659
1.42362
1.41943
1.41117
1.40987
1.42033
1.43093
1.43405
1.4425
1.44748
1.44299
1.44419
1.43235
1.43135
1.41367
1.42237
1.42658
1.42053
1.41956
1.41509
1.43149
1.42721
1.41364
1.42361
1.41529
1.41724
1.42241
1.42355
1.43095
1.43032
1.43121
1.42219
1.4238
1.42199
1.44276
1.44919
1.44783
1.45646
1.45264
1.44764
1.45825
1.44919
1.46111
1.46949
1.47565
1.47813
1.46836
1.46616
1.46583
1.47084
1.45863
1.44445
1.44989
1.45265
1.45153
1.44587
1.43889
1.4421
1.41445
1.40129
1.40009
1.40643
1.40422
1.3897
1.38829
1.38974
1.39365
1.36394
1.37807
1.36457
1.35451
1.36942
1.38472
1.38219
1.43996
1.42267
1.44433
1.45725
1.45264
1.44248
1.44104
1.44276
1.46859
1.44449
1.45323
1.43349
1.43786
1.45549
1.4777
1.4562
1.50179
1.45545
1.44143
1.44291
1.45616
1.42571
1.41323
1.42526
1.41146
1.37666
1.36357
1.38402
1.39095
1.39583
1.39496
1.38672
1.37483
1.37186
1.40572
1.38331
1.38109
1.383
1.39063
1.38326
1.36606
1.37668
1.39168
1.38321
1.38197
1.38177
1.39075
1.43772
1.44943
1.44561
1.4436
1.45053
1.4078
1.41622
1.40843
1.40186
1.39174
1.36324
1.41217
1.44191
1.44182
1.44349
1.45377
1.46517
1.47145
1.46362
1.4615
1.46995
1.4662
1.474
1.49167
1.50054
1.49355
1.50708
1.49943
1.48919
1.4981
1.47579
1.48898
1.48737
1.46097
1.46567
1.45505
1.46192
1.48157
1.5042
1.4948
1.49954
1.54411
1.5445
1.53782
1.528
1.55384
1.57304
1.54877
1.54314
1.55161
1.56175
1.57162
1.53924
1.55957
1.57959
1.5869
1.58317
1.61752
1.63064
1.61753
1.63041
1.63713
1.60886
1.59868
1.5995
1.59582
1.58309
1.57669
1.56528
1.5958
1.59816
1.58298
1.55666
1.56411
1.57279
1.57453
1.56845
1.56066
1.5866
1.5961
1.5915
1.57812
1.57237
1.57952
1.57987
1.57242
1.56696
1.5716
1.57654
1.55288
1.54241
1.52482
1.54167
1.53958
1.53872
1.55201
1.54836
1.55059
1.53523
1.53126
1.54957
1.54927
1.55133
1.56015
1.56658
1.56481
1.55105
1.55411
1.54462
1.54169
1.55586
1.55368
1.56615
1.56359
1.56541
1.56274
1.57074
1.57535
1.57409
1.57998
1.56836
1.57224
1.58127
1.59432
1.59604
1.5937
1.59403
1.60048
1.61525
1.61067
1.61339
1.60043
1.61575
1.59919
1.59827
1.59678
1.59997
1.59678
1.58543
1.57964
1.58542
1.58764
1.58106
1.58354
1.57301
1.57419
1.57505
1.58169
1.58194
1.57976
1.57259
1.58351
1.57426
1.56958
1.56947
1.55718
1.55813
1.55881
1.56382
1.56816
1.5827
1.57923
1.57904
1.5909
1.58978
1.59261
1.59163
1.59188
1.59415
1.58093
1.57427
1.57678
1.58985
1.59273
1.59937
1.59935
1.59888
1.59259
1.58514
1.5835
1.58528
1.59146
1.5867
1.57602
1.57946
1.58282
1.58139
1.59147
1.58168
1.58421
1.58415
1.5858
1.59014
1.58714
1.5921
1.60655
1.61555
1.61576
1.61305
1.61038
1.61425
1.62139
1.61569
1.6208
1.62787
1.62394
1.62013
1.61846
1.62548
1.62092
1.61325
1.6083
1.60862
1.61189
1.62005
1.61367
1.61783
1.62751
1.64501
1.64395
1.65174
1.64789
1.65276
1.65727
1.65597
1.64853
1.6508
1.65769
1.65326
1.65539
1.65674
1.65436
1.64636
1.64642
1.63969
1.6518
1.64969
1.65886
1.67294
1.676
1.67499
1.67654
1.67898
1.68051
1.68751
1.68155
1.68895
1.6972
1.70001
1.70134
1.70091
1.70512
1.71218
1.71467
1.72186
1.71378
1.71584
1.72575
1.73719
1.73626
1.71367
1.70807
1.69516
1.69339
1.69384
1.68779
1.69214
1.69438
1.70335
1.6835
1.69479
1.68673
1.68444
1.68659
1.69403
1.69639
1.69161
1.69026
1.69433
1.70425
1.70289
1.71481
1.71458
1.71652
1.72181
1.70873
1.71354
1.71664
1.71207
1.71773
1.70613
1.69783
1.69416
1.69691
1.69735
1.69347
1.69524
1.69431
1.70853
1.71143
1.711
1.68598
1.68862
1.68562
1.69032
1.68988
1.7057
1.70613
1.7192
1.7213
1.73012
1.72345
1.72147
1.71508
1.71166
1.71709
1.7219
1.72375
1.73258
1.73431
1.7334
1.73227
1.72807
1.72735
1.71907
1.71848
1.71248
1.71817
1.72924
1.72606
1.73606
1.72661
1.7224
1.73118
1.72441
1.72938
1.73919
1.73749
1.73472
1.73995
1.74569
1.75353
1.75698
1.76843
1.76908
1.77161
1.76459
1.76289
1.76415
1.77075
1.75613
1.75631
1.76044
1.76836
1.76824
1.77675
1.77254
1.79192
1.7891
1.78741
1.79493
1.80026
1.79812
1.8016
1.83495
1.82982
1.8247
1.85528
1.86168
1.85768
1.86168
1.85257
1.85942
1.82569
1.81338
1.80564
1.8262
1.83111
1.84746
1.84402
1.84771
1.85901
1.85863
1.84886
1.86592
1.88645
1.88252
1.87894
1.8608
1.86809
1.86167
1.87092
1.8666
1.8799
1.88746
1.87229
1.88267
1.87688
1.87937
1.8918
1.88286
1.88844
1.89078
1.84243
1.85185
1.83329
1.84502
1.8397
1.85066
1.84176
1.84969
1.84869
1.84401
1.82701
1.81754
1.82843
1.82582
1.83185
1.82226
1.81485
1.79371
1.79676
1.80224
1.81425
1.81085
1.81254
1.81901
1.82009
1.82888
1.82373
1.82594
1.82343
1.84268
1.84677
1.857
1.85811
1.85791
1.86032
1.86185
1.8632
1.86755
1.87693
1.87461
1.8744
1.87201
1.88373
1.88379
1.88402
1.88047
1.88585
1.8924
1.88234
1.88333
1.88034
1.89576
1.89495
1.89965
1.89126
1.89726
1.90683
1.90444
1.90474
1.91068
1.9054
1.91426
1.91504
1.91244
1.91433
1.91
1.93124
1.93157
1.9219
1.92557
1.92929
1.92963
1.9438
1.94541
1.93795
1.94239
1.92148
1.92849
1.91589
1.9155
1.91343
1.91569
1.907
1.91543
1.9222
1.91301
1.9129
1.91087
1.93066
1.93583
1.94748
1.94429
1.95612
1.95787
1.94751
1.93751
1.93579
1.93245
1.93878
1.93315
1.93674
1.94913
1.95346
1.95035
1.95731
1.97311
1.97669
1.96985
1.98014
1.97932
1.97233
1.96706
1.97156
1.97297
1.97898
1.97397
1.97472
1.97681
1.97812
1.98335
1.98869
1.99243
1.99185
1.98811
1.99326
2.00389
1.99496
2.0032
1.99751
1.98431
1.97827
1.9775
1.98624
1.99279
1.99221
1.99078
1.97871
1.96096
1.96786
1.96417
1.94994
1.94467
1.93626
1.93769
1.94333
1.92442
1.93552
1.94111
1.93906
1.93379
1.94324
1.94674
1.94679
1.95514
1.94963
1.94555
1.94608
1.95257
1.9613
1.96335
1.96817
1.97126
1.9751
1.98658
1.97784
1.98322
1.98754
1.9997
2.0015
1.98605
1.98918
1.99231
1.99072
1.99172
1.98246
1.98984
1.98729
1.96829
1.97003
1.98247
1.9873
1.98644
1.98344
1.99385
1.98803
1.98541
1.98344
1.98106
1.98262
1.99222
1.98633
1.98685
2.0023
2.00511
2.00346
2.01263
2.0018
1.99582
1.99929
2.0144
2.03154
2.03629
2.03405
2.03256
2.03213
2.02996
2.04828
2.0473
2.06094
2.05381
2.04961
2.03782
2.01212
2.03011
2.04695
2.05191
2.03928
2.04488
2.03914
2.03936
2.03636
2.04079
2.04121
2.05075
2.0628
2.06779
2.06757
2.07023
2.07924
2.07957
2.07627
2.08383
2.08093
2.07941
2.08132
2.07277
2.08034
2.07483
2.07428
2.07882
2.07711
2.08313
2.08974
2.08534
2.09031
2.09058
2.0804
2.07338
2.07736
2.07464
2.07875
2.06631
2.05531
2.06155
2.07812
2.08411
2.08489
2.10292
2.11665
2.12814
2.13006
2.13479
2.14615
2.13235
2.13297
2.12223
2.12465
2.13434
2.1417
2.1352
2.14264
2.1486
2.15104
2.1791
2.19787
2.18074
2.20851
2.22424
2.24169
2.28197
2.27422
2.23807
2.22813
2.22825
2.2249
2.24244
2.25478
2.2768
2.24673
2.21477
2.21859
2.24389
2.21165
2.2298
2.22635
2.23761
2.27611
2.29282
2.22639
2.24191
2.23894
2.23073
2.23853
2.23112
2.21569
2.2204
2.21256
2.22627
2.21015
2.18912
2.14698
2.13568
2.15281
2.13231
2.13921
2.14034
2.16144
2.15221
2.15254
2.15429
2.14421
2.16251
2.1543
2.15756
2.15199
2.15752
2.1497
2.15075
2.14073
2.12762
2.13939
2.14634
2.16355
2.17347
2.18449
2.17563
2.16563
2.18275
2.19951
2.21031
2.20017
2.21669
2.20645
2.19734
2.20596
2.21516
2.20183
2.20884
2.20245
2.18294
2.18438
2.16256
2.17392
2.17141
2.1718
2.18784
2.19161
2.21047
2.20411
2.20329
2.19023
2.19546
2.19879
2.18134
2.18619
2.15664
2.13987
2.10917
2.10472
2.12492
2.12341
2.13873
2.13682
2.13119
2.13235
2.12361
2.09972
2.10076
2.10996
2.13267
2.13248
2.14144
2.14331
2.14326
2.15375
2.16068
2.16611
2.1564
2.16844
2.17318
2.16763
2.17022
2.17899
2.16697
2.19382
2.19805
2.20078
2.21023
2.21336
2.21845
2.20026
2.19854
2.21253
2.20213
2.19906
2.19355
2.19715
2.19596
2.2042
2.20537
2.20052
2.22253
2.23368
2.2347
2.228
2.22517
2.23641
2.17264
2.19333
2.19085
2.18975
2.16734
2.17524
2.18698
2.191
2.18658
2.1667
2.15099
2.16302
2.16431
2.16463
2.15302
2.1538
2.149
2.1632
2.18281
2.17259
2.16103
2.1592
2.16519
2.1717
2.1473
2.13062
2.14048
2.14922
2.16046
2.16046
2.17082
2.15625
2.15641
2.1531
2.14636
2.14768
2.14833
2.14364
2.14589
2.14743
2.15751
2.16076
2.16321
2.1583
2.15284
2.14291
2.14637
2.14665
2.12217
2.11276
2.11614
2.10788
2.09315
2.08298
2.08408
2.10515
2.11591
2.11444
2.09843
2.10003
2.09966
2.10832
2.09759
2.10442
2.10296
2.13767
2.13541
2.13386
2.13517
2.11794
2.11973
2.12216
2.13056
2.1345
2.13748
2.137
2.13537
2.13235
2.12331
2.09967
2.10723
2.11596
2.10807
2.10943
2.09858
2.12506
2.12198
2.13837
2.1286
2.11751
2.12102
2.10831
2.11452
2.11264
2.12327
2.1222
2.11679
2.11382
2.11599
2.11783
2.11623
2.11951
2.13508
2.14007
2.1421
2.14108
2.13587
2.12701
2.12277
2.1329
2.13163
2.13178
2.13383
2.13709
2.14067
2.1332
2.12619
2.13049
2.13851
2.13754
2.1424
2.15191
2.15931
2.1645
2.16429
2.16234
2.1643
2.1549
2.15586
2.18104
2.18042
2.18096
2.182
2.20532
2.19104
2.19677
2.19352
2.21479
2.21476
2.20316
2.21274
2.21594
2.21355
2.21873
2.21271
2.21113
2.20539
2.22491
2.2207
2.22661
2.22351
2.22517
2.23381
2.22479
2.221
2.21378
2.2138
2.21764
2.20823
2.19623
2.20379
2.20249
2.19754
2.18687
2.19151
2.17739
2.17498
2.18355
2.1838
2.18939
2.18496
2.16296
2.17002
2.19065
2.19179
2.20242
2.20094
2.19874
2.19702
2.19768
2.19192
2.19111
2.20444
2.20147
2.20222
2.21555
2.21412
2.20846
2.19575
2.1996
2.19228
2.19235
2.17818
2.17416
2.17883
2.18476
2.19013
2.18849
2.18725
2.17868
2.17874
2.18046
2.16615
2.16373
2.15196
2.15559
2.15815
2.16013
2.16275
2.15884
2.16875
2.17739
2.16515
2.16351
2.1574
2.16214
2.16245
2.17486
2.1624
2.1614
2.16437
2.16419
2.1697
2.16411
2.17017
2.16819
2.1569
2.15073
2.14533
2.15052
2.158
2.15223
2.15314
2.15626
2.16236
2.16333
2.16201
2.165
2.15309
2.15294
2.14541
2.14069
2.12757
2.1257
2.09804
2.11094
2.11613
2.12622
2.14325
2.13223
2.11899
2.1171
2.11781
2.11758
2.12173
2.12066
2.11692
2.12444
2.13144
2.12756
2.13058
2.1309
2.14621
2.14754
2.14759
2.15047
2.14648
2.13881
2.14287
2.14743
2.14581
2.14625
2.13005
2.12236
2.1182
2.13458
2.13269
2.13805
2.11947
2.12372
2.07924
2.0043
2.01242
2.00884
2.02416
2.03025
2.04692
2.03898
2.05059
2.07138
2.06769
2.07432
2.07583
2.06176
2.06745
2.07385
2.07211
2.0621
2.07518
2.06037
2.05678
2.0507
2.0453
2.02274
2.02155
1.99775
2.03223
2.01248
2.00396
2.02633
2.01673
2.01386
2.02638
2.03448
2.01389
2.03147
2.02017
2.02285
2.02747
1.99872
2.00386
2.00137
2.00665
1.99826
2.00095
1.99513
1.98292
1.97226
1.92233
1.93794
1.93447
1.92904
1.88682
1.86733
1.89545
1.91523
1.9039
1.91362
1.89249
1.90719
1.91496
1.91913
1.93821
1.9394
1.94164
1.94811
1.93275
1.94001
1.9494
1.97874
1.9833
1.96568
1.9765
1.97483
1.97072
1.96809
1.96706
1.95564
1.95711
1.9507
1.93912
1.93744
1.95483
1.95382
1.96966
1.96216
1.97119
1.98984
1.99474
1.99209
1.99618
1.99224
1.99927
2.01581
2.01955
2.0299
2.02893
2.02392
2.01548
2.03149
2.01845
1.99901
2.01372
2.01183
1.99533
1.9942
1.96409
1.96528
1.9556
1.9561
1.99126
1.98819
1.96754
1.96458
1.96612
1.97415
1.9664
1.97726
1.97133
1.94381
1.96071
1.95972
1.95517
1.96294
1.96214
1.95166
1.93826
1.92611
1.92724
1.93387
1.93309
1.96318
1.95585
1.9566
1.97564
1.96953
1.97941
1.98312
1.98396
1.97678
1.97614
1.96194
1.95798
1.95872
1.95675
1.96185
1.95299
1.9408
1.93893
1.92743
1.93023
1.93854
1.94021
1.93135
1.9312
1.91445
1.91531
1.91635
1.91951
1.91506
1.91271
1.92103
1.90262
1.90671
1.91937
1.90944
1.90912
1.91977
1.93532
1.92827
1.90776
1.91753
1.92005
1.91206
1.90468
1.88563
1.89361
1.8909
1.89466
1.90017
1.90205
1.88989
1.8941
1.90685
1.91657
1.91888
1.91222
1.90635
1.90996
1.92392
1.92744
1.91996
1.91836
1.92038
1.92851
1.92112
1.91718
1.93508
1.93677
1.92821
1.92834
1.93857
1.92284
1.92751
1.93663
1.93393
1.9358
1.93429
1.94038
1.94597
1.9555
1.9561
1.96504
1.97452
1.97539
1.96617
1.97726
1.97734
1.98769
1.98894
1.98041
1.98321
1.97831
1.99758
1.98656
1.98714
1.99761
1.9872
1.98796
1.9938
2.00904
2.01198
2.01918
2.00646
1.99839
1.9795
1.98038
1.98606
1.96769
1.96854
1.96082
1.95457
1.95572
1.9489
1.94782
1.95485
1.9517
1.96393
1.95883
1.96831
1.96888
1.97408
1.97321
1.98164
1.9631
1.9636
1.95642
1.95256
1.94888
1.94833
1.95526
1.96277
1.958
1.95803
1.95309
1.94823
1.95885
1.96896
1.96683
1.95077
1.95111
1.95156
1.95986
1.95699
1.96853
1.95928
1.95657
1.95721
1.95754
1.95566
1.95816
1.95791
1.93846
1.93365
1.93236
1.92846
1.92341
1.92613
1.92451
1.93157
1.93138
1.93165
1.93708
1.93796
1.94671
1.94884
1.94477
1.94359
1.94654
1.97348
1.97127
1.97336
1.97432
1.97454
1.9722
1.97195
1.98083
1.97798
1.97849
1.97588
1.97599
1.97586
1.98088
1.9856
1.98826
1.96702
1.95882
1.96288
1.9774
1.97153
1.97217
1.96836
1.96855
1.95927
1.97008
1.96897
1.96609
1.96369
1.95418
1.96187
1.9579
1.95716
1.96991
1.97287
1.97371
1.97109
1.97202
1.97412
1.97501
1.96952
1.96562
1.96418
1.96274
1.95663
1.95866
1.95815
1.9633
1.96357
1.96775
1.96686
1.9553
1.95982
1.9543
1.96799
1.95792
1.96279
1.95653
1.95217
1.94399
1.9445
1.9464
1.93727
1.94523
1.93792
1.94021
1.94435
1.9405
1.94678
1.94515
1.94958
1.94295
1.95004
1.94935
1.93223
1.94958
1.94614
1.95338
1.95184
1.95373
1.96228
1.95885
1.96616
1.95865
1.9581
1.96764
1.96744
1.96533
1.96192
1.96083
1.9577
1.95672
1.94131
1.93655
1.91723
1.92129
1.92303
1.90029
1.90491
1.93486
1.91075
1.92577
1.92052
1.92369
1.94564
1.94154
1.95242
1.93809
1.94909
1.95351
1.95612
1.95724
1.95321
1.92609
1.96759
1.95336
1.96742
1.9664
1.9514
1.96762
1.98764
1.98166
1.97513
1.97724
1.94788
1.95293
1.94364
1.95956
1.95756
1.9413
1.94376
1.9462
1.96414
1.95508
1.97004
1.9537
1.96136
1.98294
1.99456
1.98975
1.98676
2.00114
2.01059
2.00842
2.00802
2.03715
2.09741
2.10984
2.11479
2.12365
2.12598
2.1224
2.12441
2.10845
2.08583
2.10547
2.09674
2.08124
2.08014
2.08951
2.05378
2.06801
2.06057
2.04765
2.0512
2.05164
2.035
2.03438
2.02905
2.02282
2.02548
2.02397
2.0286
2.03172
2.03908
2.03604
2.03236
2.02754
2.03045
1.99896
2.0071
2.00192
1.99687
2.00029
2.00068
2.00442
1.99381
2.01798
2.01326
2.03289
2.03774
2.03932
2.04505
2.05011
2.04814
2.03531
2.03551
2.05992
2.05655
2.0659
2.06108
2.0576
2.0503
2.06665
2.0597
2.05421
2.06241
2.05864
2.0631
2.05253
2.06153
2.04724
2.05156
2.03549
2.05476
2.0639
2.05078
2.02854
2.02237
2.03458
2.03935
2.03857
2.02428
2.0329
2.0283
2.03972
2.05849
2.06212
2.06463
2.06219
2.04858
2.05697
2.0562
2.05438
2.04199
2.04453
2.04653
2.0468
2.04679
2.05187
2.03704
2.02396
2.02166
2.02985
2.02499
2.03106
2.02366
2.02738
2.03408
2.02753
2.03376
2.04538
2.04296
2.03008
2.02367
2.02592
2.02265
2.02287
2.0379
2.02335
2.02103
2.02095
2.02662
2.01309
2.01629
2.01417
2.01559
2.01104
2.01425
2.00978
2.00693
1.99609
1.96959
1.96587
1.95627
1.95253
1.9584
1.95361
1.9492
1.95211
1.94623
1.9543
1.94585
1.94763
1.94466
1.94802
1.94806
1.95257
1.95361
1.9609
1.95276
1.95275
1.95867
1.95927
1.97332
1.98499
1.98435
1.97364
1.95382
1.94233
1.9524
1.96171
1.96637
1.96765
1.9596
1.95435
1.95492
1.95197
1.93791
1.94028
1.9357
1.93504
1.93448
1.94615
1.95583
1.96005
1.9569
1.95508
1.9602
1.9748
1.96958
1.95567
1.95159
1.94197
1.94396
1.96025
1.95867
1.96854
1.96647
1.961
1.97482
1.97637
1.98073
1.99737
1.99085
1.98878
1.98507
1.9919
1.98327
1.98239
1.99248
1.9945
1.9918
1.98403
1.98052
1.97522
1.96767
1.95477
1.94858
1.95071
1.93582
1.94451
1.94189
1.93909
1.93835
1.93438
1.93856
1.92751
1.92917
1.93695
1.93179
1.92744
1.93351
1.92981
1.9212
1.92544
1.92978
1.91462
1.92689
1.93708
1.92849
1.93148
1.92833
1.92157
1.92889
1.91664
1.9136
1.92608
1.91115
1.92513
1.93121
1.92376
1.92
1.92815
1.91836
1.91703
1.91164
1.91264
1.92686
1.92927
1.94427
1.95429
1.94477
1.9363
1.93578
1.94033
1.92306
1.93439
1.93079
1.94236
1.94422
1.94062
1.95058
1.95926
1.96052
1.94939
1.95195
1.96512
1.96368
1.9723
1.97867
1.99151
2.00738
2.00351
2.00993
2.04473
2.03673
2.01187
2.01737
2.03842
2.03219
2.01459
2.03121
2.0359
2.04009
2.03375
2.05067
2.04295
2.05406
2.07184
2.06778
2.07062
2.06371
2.05373
2.07235
2.049
2.03655
2.0386
2.06116
2.05575
2.05155
2.04574
2.05072
2.02666
2.0252
2.0281
2.046
2.03037
2.03335
2.02684
2.01982
2.03087
2.02564
2.03827
2.03626
2.04843
2.04723
2.0404
2.03017
2.03643
2.03166
2.04758
2.04206
2.04548
2.0324
2.03997
2.04237
2.04404
2.06101
2.07322
2.06609
2.06278
2.05957
2.05777
2.06584
2.0445
2.04874
2.05648
2.04825
2.05531
2.0564
2.05838
2.04334
2.04315
2.04138
2.0381
2.02616
2.02748
2.02501
2.0175
2.02327
2.02206
2.01808
2.03886
2.03373
2.03695
2.05057
2.05495
2.05995
2.06917
2.06792
2.07726
2.06804
2.07432
2.06737
2.05164
2.05676
2.04872
2.08528
2.09662
2.0855
2.0857
2.08702
2.10206
2.10861
2.11398
2.10999
2.1143
2.10554
2.09452
2.10109
2.09456
2.09385
2.09736
2.09887
2.08935
2.10164
2.09409
2.0911
2.09332
2.10268
2.09841
2.10766
2.10473
2.11091
2.10372
2.10713
2.09496
2.09607
2.09897
2.10095
2.09388
2.09568
2.0962
2.09965
2.09697
2.09926
2.09158
2.09053
2.08858
2.07926
2.07937
2.07658
2.08098
2.07171
2.07128
2.07503
2.08416
2.10323
2.0956
2.09197
2.08403
2.08414
2.07896
2.0823
2.07643
2.07423
2.07844
2.07719
2.09157
2.09167
2.09354
2.09088
2.08373
2.08242
2.0815
2.08048
2.0754
2.04439
2.04213
2.0371
2.03934
2.03931
2.03731
2.04051
2.04547
2.03862
2.04425
2.04877
2.05557
2.05278
2.05562
2.05535
2.06318
2.05676
2.0583
2.06396
2.06514
2.07131
2.07848
2.08077
2.08019
2.06566
2.06507
2.06433
2.05489
2.03614
2.03163
2.04093
2.03881
2.03589
2.03273
2.03695
2.03405
2.01907
2.01965
2.02554
2.02054
2.01022
2.0129
2.01332
2.01355
2.00371
2.00798
2.00446
2.00235
2.01058
2.00365
1.99258
1.98674
1.99766
2.00016
1.99655
1.99814
1.99397
1.99647
1.99948
2.00143
2.01538
2.00143
2.01576
2.02157
2.03014
2.01681
2.02924
2.02756
2.03226
2.03165
2.03247
2.04461
2.0305
2.0359
2.03657
2.0388
2.03093
2.02646
2.01621
2.02405
2.0266
2.03935
2.03044
2.03792
2.04038
2.05161
2.0516
2.06122
2.05288
2.05825
2.05377
2.05573
2.06198
2.0661
2.05993
2.06292
2.0676
2.07524
2.08053
2.07615
2.07581
2.0761
2.06398
2.06437
2.05122
2.04374
2.037
2.03278
2.03474
2.02873
2.02542
2.04692
2.04665
2.04863
2.05411
2.06393
2.06359
2.06306
2.06455
2.06948
2.06494
2.06872
2.06101
2.06652
2.07319
2.07561
2.07528
2.06988
2.074
2.07565
2.09371
2.10097
2.10533
2.10257
2.10803
2.09622
2.09883
2.10255
2.09077
2.07671
2.08251
2.07889
2.08397
2.07154
2.0712
2.05462
2.04396
2.04509
2.04201
2.03382
2.03285
2.03789
2.04119
2.04346
2.04847
2.0681
2.05702
2.06456
2.06717
2.05854
2.06525
2.06268
2.07303
2.07019
2.07332
2.07401
2.08289
2.08332
2.09628
2.08957
2.08263
2.07402
2.07193
2.073
2.06663
2.06023
2.06339
2.0536
2.05366
2.05727
2.06029
2.06578
2.05593
2.05924
2.0588
2.05283
2.04937
2.03473
2.03935
2.03978
2.02886
2.03058
2.02886
2.03135
2.03102
2.03824
2.03883
2.04501
2.04384
2.04613
2.04952
2.04848
2.04761
2.05231
2.04627
2.04903
2.04334
2.0394
2.0391
2.03702
2.02826
2.0324
2.03352
2.04566
2.05537
2.05805
2.04842
2.04078
2.05043
2.05569
2.05746
2.05749
2.05181
2.05557
2.05085
2.05525
2.06454
2.06287
2.06222
2.07163
2.07391
2.08295
2.07792
2.08553
2.08056
2.071
2.07456
2.06697
2.07353
2.06766
2.06129
2.06211
2.05357
2.05121
2.05163
2.06077
2.05571
2.05086
2.05387
2.04762
2.04218
2.04396
2.04608
2.04043
2.04541
2.04972
2.05133
2.0516
2.05028
2.05751
2.05205
2.04735
2.04456
2.048
2.041
2.0471
2.04317
2.04219
2.03225
2.04478
2.04755
2.0418
2.04477
2.04544
2.0407
2.05058
2.04816
2.05155
2.05472
2.04626
2.04611
2.04747
2.04088
2.03896
2.04993
2.04153
2.04198
2.05102
2.04284
2.04317
2.04346
2.04076
2.0339
2.03546
2.0355
2.02725
2.02653
2.01572
2.01674
2.01408
2.01511
2.0253
2.01884
2.02309
2.02857
2.02817
2.02739
2.02632
2.0316
2.03716
2.04137
2.04484
2.05098
2.06124
2.05615
2.06298
2.05972
2.06136
2.05987
2.06268
2.06537
2.07365
2.06654
2.05901
2.06051
2.06351
2.06298
2.06805
2.07843
2.07031
2.07319
2.06772
2.06521
2.07044
2.07492
2.05995
2.06461
2.0576
2.05121
2.05505
2.05539
2.05951
2.06323
2.07888
2.0765
2.07299
2.06037
2.05657
2.06357
2.0617
2.06453
2.05161
2.05384
2.04999
2.05199
2.0497
2.05907
2.04919
2.04511
2.04687
2.04761
2.04921
2.04838
2.04185
2.03985
2.04199
2.03627
2.05423
2.04889
2.06173
2.06438
2.05655
2.04651
2.04831
2.05804
2.05203
2.05288
2.04806
2.05278
2.05576
2.05661
2.06107
2.05032
2.05485
2.05581
2.05569
2.05271
2.05016
2.0443
2.03971
2.04648
2.03965
2.03842
2.04047
2.03472
2.03093
2.03257
2.03662
2.03609
2.03633
2.03643
2.03913
2.04386
2.03933
2.03597
2.02628
2.0317
2.03287
2.03461
2.03843
2.03684
2.0395
2.04849
2.0461
2.05135
2.05821
2.04928
2.04567
2.04631
2.04738
2.04753
2.04254
2.0442
2.04467
2.04341
2.04748
2.04502
2.04633
2.04246
2.03816
2.03768
2.0368
2.03757
2.03143
2.02411
2.02305
2.02543
2.02854
2.01362
2.02399
2.02508
2.02117
2.01964
2.01778
2.01103
2.01841
2.01487
2.01334
2.00385
2.00781
2.00496
2.00903
1.99904
2.00278
2.00742
1.99758
2.00388
2.00117
2.0023
1.99792
1.99416
2.00144
1.99806
1.99998
1.99995
1.99804
2.00288
1.99619
1.99708
1.98551
1.98414
1.99068
1.99154
1.9921
1.99193
1.98357
2.00297
2.00232
1.99339
1.99844
1.99458
1.99535
1.99263
1.99682
1.99685
1.99547
1.99776
1.99495
2.00416
1.99931
1.99175
1.99966
1.99733
2.00129
2.00422
1.99536
1.99645
1.99627
1.99033
1.98164
1.99075
1.98999
2.00301
1.99934
2.00196
2.00267
1.99066
1.99171
1.99366
2.01766
2.00965
2.0178
2.01584
2.01534
2.01846
2.02053
2.0156
2.02377
2.02576
2.02654
2.02994
2.02565
2.02139
2.01699
2.02852
2.02626
2.02479
2.02089
2.02045
2.01887
2.01124
2.00698
2.0113
2.01591
2.0167
2.0225
2.01923
2.01861
2.02465
2.02259
2.02435
2.01977
2.02546
2.02627
2.02217
2.03171
2.03701
2.03727
2.04434
2.04067
2.04312
2.046
2.04088
2.03801
2.04662
2.04664
2.03928
2.05183
2.04398
2.05804
2.05413
2.06281
2.06361
2.06488
2.06391
2.07568
2.0651
2.06883
2.06465
2.07289
2.06214
2.06393
2.06932
2.06726
2.07209
2.07143
2.06043
2.0653
2.06376
2.06166
2.08181
2.08186
2.08735
2.09264
2.09064
2.08998
2.08494
2.08865
2.08145
2.0855
2.09104
2.08686
2.09056
2.08272
2.09226
2.09839
2.11486
2.11246
2.09897
2.10322
2.10241
2.10301
2.09385
2.08852
2.07412
2.07176
2.07496
2.07372
2.07236
2.08797
2.08141
2.08624
2.09342
2.08034
2.08677
2.08705
2.0896
2.09697
2.0914
2.09601
2.1068
2.10084
2.0968
2.08133
2.08341
2.07962
2.08343
2.08211
2.08326
2.08224
2.08737
2.09112
2.09348
2.07874
2.07887
2.07496
2.0659
2.06371
2.06282
2.06425
2.06103
2.06452
2.06922
2.077
2.07156
2.073
2.0642
2.06173
2.06842
2.06924
2.07136
2.06828
2.0697
2.07173
2.08201
2.082
2.08232
2.07572
2.07111
2.0716
2.06999
2.06959
2.07701
2.07804
2.07338
2.07399
2.08194
2.09558
2.10876
2.10771
2.10996
2.11405
2.11862
2.10666
2.10588
2.10963
2.1167
2.11747
2.11885
2.12386
2.13102
2.16005
2.16775
2.18168
2.18448
2.17513
2.17362
2.17668
2.15779
2.18041
2.18191
2.17138
2.16579
2.16931
2.18696
2.17635
2.18284
2.18355
2.17434
2.19338
2.20774
2.1914
2.19403
2.18895
2.19587
2.18934
2.18811
2.19487
2.19917
2.18389
2.21341
2.2093
2.22612
2.23227
2.24952
2.25553
2.25299
2.26262
2.25679
2.26403
2.27346
2.26682
2.25432
2.26271
2.25979
2.25569
2.27558
2.27456
2.2848
2.28189
2.27606
2.27434
2.29161
2.29846
2.27552
2.26568
2.26202
2.25034
2.25668
2.26007
2.2519
2.25864
2.26255
2.25301
2.25738
2.26963
2.27711
2.28424
2.26822
2.27069
2.26755
2.25397
2.25847
2.26827
2.26764
2.26582
2.25952
2.26857
2.27119
2.26147
2.2539
2.256
2.24942
2.25418
2.25454
2.25275
2.24726
2.24995
2.25226
2.25882
2.26231
2.2544
2.25033
2.25613
2.26796
2.26942
2.26562
2.24927
2.25657
2.2412
2.23759
2.23396
2.237
2.24246
2.2473
2.24448
2.24546
2.24477
2.24411
2.23883
2.2369
2.23304
2.23895
2.23316
2.24025
2.23859
2.24783
2.24737
2.24785
2.23623
2.23774
2.24107
2.24774
2.24179
2.24289
2.24726
2.24668
2.24704
2.25202
2.2531
2.25791
2.26732
2.27632
2.275
2.27446
2.27632
2.28341
2.30022
2.31266
2.31685
2.3098
2.30518
2.31297
2.30407
2.30317
2.31181
2.31004
2.31287
2.31498
2.3156
2.31803
2.32614
2.33436
2.32522
2.32971
2.32991
2.3378
2.32995
2.31568
2.31664
2.32347
2.3272
2.33096
2.32845
2.32786
2.33626
2.34249
2.35809
2.36722
2.37258
2.39303
2.40283
2.37826
2.38302
2.38294
2.33511
2.3375
2.37261
2.37211
2.40279
2.4018
2.40033
2.37139
2.37107
2.32619
2.29322
2.28312
2.29689
2.2792
2.25872
2.28838
2.34367
2.40395
2.38517
2.39783
2.38553
2.38962
2.35317
2.3635
2.38547
2.39476
2.43286
2.426
2.41324
2.44708
2.46561
2.47487
2.46699
2.4691
2.44393
2.45328
2.4443
2.46815
2.48201
2.47761
2.46788
2.46153
2.46747
2.44375
2.45054
2.45513
2.46225
2.44749
2.4665
2.45765
2.45104
2.45772
2.46711
2.47758
2.48558
2.47555
2.48242
2.48536
2.46508
2.47211
2.45472
2.45584
2.45819
2.46669
2.47261
2.46295
2.43642
2.44735
2.42037
2.43194
2.44568
2.46379
2.45681
2.46318
2.46033
2.45538
2.46132
2.46105
2.47393
2.48322
2.49049
2.48456
2.48626
2.49394
2.49471
2.49814
2.49564
2.49684
2.50454
2.50893
2.51899
2.51325
2.51179
2.51173
2.51536
2.51352
2.49837
2.51028
2.5157
2.53063
2.54811
2.55927
2.56996
2.59421
2.59882
2.61274
2.60126
2.61042
2.61625
2.6441
2.65553
2.6726
2.65034
2.65021
2.58555
2.58029
2.60383
2.59921
2.61819
2.62609
2.5901
2.59835
2.59175
2.58819
2.58991
2.60418
2.59
2.61054
2.6093
2.60982
2.59299
2.58795
2.59216
2.58711
2.59876
2.5978
2.59787
2.60684
2.60236
2.60621
2.60172
2.60086
2.57991
2.57838
2.56007
2.56392
2.55872
2.5696
2.57674
2.57055
2.57797
2.57722
2.58389
2.57013
2.57134
2.57412
2.59127
2.58897
2.57466
2.57777
2.58153
2.58074
2.58024
2.58441
2.59016
2.5786
2.5794
2.57836
2.58171
2.56813
2.56549
2.57221
2.58185
2.58559
2.58162
2.60158
2.60076
2.56408
2.56512
2.56049
2.56802
2.57373
2.57183
2.56696
2.56181
2.56022
2.56218
2.54358
2.53049
2.52678
2.518
2.50854
2.52879
2.53103
2.53832
2.53456
2.55056
2.55506
2.5403
2.54038
2.53953
2.53274
2.54663
2.55169
2.55799
2.55165
2.55201
2.54208
2.55194
2.55622
2.55042
2.55404
2.56261
2.56455
2.58999
2.59377
2.57449
2.56992
2.53663
2.53969
2.54752
2.54062
2.54315
2.53079
2.54293
2.55759
2.55716
2.54781
2.54905
2.5463
2.53911
2.54362
2.5426
2.55134
2.54082
2.54125
2.51818
2.53252
2.53998
2.54271
2.5441
2.53731
2.53415
2.52256
2.5127
2.51209
2.5151
2.53003
2.52459
2.51969
2.50083
2.47948
2.48174
2.48642
2.47294
2.46276
2.4657
2.45827
2.48288
2.48839
2.48449
2.48313
2.48848
2.49211
2.50106
2.49185
2.49693
2.49641
2.49107
2.49429
2.49297
2.49745
2.48606
2.47208
2.48907
2.49914
2.49658
2.50268
2.49759
2.50771
2.49894
2.4952
2.50064
2.49378
2.50445
2.51128
2.50964
2.50731
2.51749
2.5104
2.50854
2.50528
2.5038
2.50681
2.50013
2.4981
2.51879
2.5086
2.51656
2.53492
2.54106
2.53742
2.54042
2.52769
2.53694
2.54734
2.55411
2.55486
2.55135
2.55876
2.55679
2.56211
2.57084
2.56648
2.57142
2.57683
2.56969
2.57721
2.55247
2.57068
2.57424
2.56851
2.5678
2.573
2.55948
2.55672
2.55134
2.5303
2.4977
2.49206
2.50917
2.50289
2.50099
2.501
2.50549
2.505
2.4907
2.4981
2.50467
2.51492
2.52194
2.52845
2.52892
2.53333
2.53083
2.53306
2.55345
2.55119
2.53672
2.53822
2.53678
2.53067
2.53486
2.53062
2.5274
2.52903
2.53521
2.55151
2.53877
2.53878
2.5372
2.53811
2.53423
2.5013
2.47927
2.47825
2.4961
2.4956
2.51371
2.51945
2.51931
2.5232
2.51848
2.51991
2.53552
2.53391
2.52405
2.52422
2.54122
2.53652
2.53568
2.53601
2.53063
2.54227
2.51621
2.51267
2.51891
2.51371
2.51816
2.52475
2.51829
2.48746
2.48583
2.49548
2.506
2.50249
2.48808
2.48475
2.48901
2.47817
2.47242
2.49758
2.50223
2.50665
2.5022
2.50604
2.50223
2.50243
2.50087
2.50833
2.52749
2.52808
2.50973
2.50747
2.51054
2.52075
2.51981
2.52925
2.5369
2.52887
2.53346
2.5333
2.5193
2.53379
2.53076
2.52029
2.53211
2.55124
2.55444
2.55809
2.57118
2.58453
2.5882
2.58691
2.58185
2.59606
2.59182
2.57949
2.55698
2.54908
2.54778
2.54817
2.54172
2.53414
2.5365
2.53012
2.5414
2.53913
2.54204
2.54399
2.53356
2.54077
2.5435
2.53412
2.54071
2.55385
2.54928
2.54934
2.54707
2.55806
2.55957
2.56347
2.5583
2.55914
2.56632
2.57793
2.55328
2.56649
2.56486
2.54532
2.55067
2.55001
2.56528
2.56701
2.55957
2.555
2.5554
2.5813
2.57728
2.57372
2.58115
2.58656
2.56049
2.54413
2.54392
2.55234
2.55075
2.5556
2.55248
2.54643
2.55378
2.55939
2.56506
2.56005
2.58768
2.59845
2.58702
2.59902
2.62025
2.62024
2.62806
2.63159
2.62443
2.62235
2.63969
2.67013
2.65699
2.66721
2.69589
2.72974
2.77029
2.72004
2.71536
2.70731
2.68826
2.65813
2.66507
2.66932
2.65251
2.66918
2.66137
2.68136
2.69416
2.68967
2.66441
2.66409
2.66988
2.66821
2.66527
2.67322
2.66915
2.67627
2.68097
2.69232
2.69844
2.7123
2.72212
2.71167
2.71944
2.69952
2.70453
2.69474
2.68122
2.65745
2.66612
2.66097
2.67561
2.68121
2.6517
2.6569
2.67012
2.65786
2.66433
2.64275
2.62689
2.64018
2.6213
2.61814
2.62919
2.61738
2.61149
2.6392
2.63436
2.6403
2.64159
2.6297
2.63225
2.62935
2.61338
2.6259
2.64965
2.62867
2.62423
2.63439
2.63237
2.62626
2.65231
2.62397
2.61688
2.63432
2.65043
2.6377
2.63671
2.64271
2.63269
2.63394
2.63002
2.62717
2.63073
2.62898
2.62453
2.59565
2.5843
2.59077
2.59185
2.58451
2.58915
2.59653
2.57881
2.57694
2.57412
2.57242
2.55629
2.57741
2.57792
2.57678
2.57293
2.59497
2.60544
2.61022
2.61583
2.60293
2.61393
2.63477
2.6132
2.63079
2.63479
2.63114
2.62219
2.63408
2.62039
2.62351
2.61362
2.60928
2.60369
2.59801
2.61471
2.6155
2.61969
2.60132
2.60391
2.58789
2.57362
2.55869
2.57715
2.56993
2.58819
2.57764
2.58722
2.59295
2.57425
2.57814
2.55026
2.55836
2.55645
2.54756
2.55867
2.56714
2.5387
2.53366
2.53886
2.56875
2.56477
2.55752
2.59009
2.60444
2.59082
2.59439
2.58566
2.56732
2.56502
2.57411
2.56444
2.54294
2.54869
2.54624
2.52764
2.5308
2.5546
2.54356
2.54563
2.54944
2.53936
2.53408
2.52403
2.54096
2.53336
2.53375
2.574
2.55691
2.57783
2.5665
2.61279
2.60777
2.60301
2.60906
2.60172
2.58923
2.5818
2.57668
2.5848
2.5898
2.58456
2.57524
2.58309
2.60137
2.62217
2.60887
2.5834
2.59185
2.60698
2.60496
2.60851
2.59988
2.6229
2.61348
2.58798
2.60448
2.59995
2.62615
2.61856
2.60073
2.604
2.61545
2.61028
2.61991
2.62594
2.63537
2.65268
2.63324
2.66542
2.66391
2.66811
2.66635
2.6767
2.68598
2.67922
2.67965
2.70367
2.69723
2.69611
2.70062
2.70477
2.6926
2.69147
2.68888
2.69339
2.71542
2.68108
2.65
2.65534
2.65992
2.66547
2.65686
2.65742
2.65335
2.65589
2.64174
2.64337
2.64686
2.64391
2.63794
2.63633
2.62495
2.6371
2.63398
2.64106
2.6356
2.64914
2.64506
2.62684
2.631
2.64148
2.66479
2.69036
2.68254
2.69139
2.68918
2.71848
2.71378
2.68839
2.70969
2.71807
2.70846
2.69952
2.70992
2.69816
2.7112
2.70534
2.71799
2.7295
2.72862
2.72473
2.71982
2.72889
2.73382
2.74609
2.72502
2.72421
2.73161
2.72381
2.72961
2.72032
2.72192
2.72427
2.7223
2.71673
2.71669
2.7173
2.74088
2.74723
2.75308
2.73894
2.73865
2.7487
2.75023
2.73811
2.74012
2.74666
2.73324
2.73003
2.71742
2.73195
2.7272
2.73084
2.72376
2.7131
2.72104
2.73039
2.72859
2.73844
2.71691
2.72915
2.73047
2.71608
2.73031
2.72414
2.7241
2.71128
2.71193
2.71905
2.71299
2.70017
2.69717
2.68089
2.68716
2.69338
2.68712
2.68193
2.68269
2.69455
2.69462
2.6905
2.68761
2.69712
2.69376
2.69658
2.71522
2.71011
2.70368
2.7035
2.71941
2.72186
2.71707
2.71437
2.71031
2.72116
2.73125
2.70821
2.72174
2.7228
2.71198
2.70532
2.70624
2.71045
2.70315
2.69936
2.69381
2.6913
2.69182
2.69006
2.68927
2.68196
2.68265
2.68248
2.68139
2.6862
2.70328
2.70083
2.70137
2.70571
2.71732
2.72107
2.71439
2.71681
2.71026
2.7063
2.70807
2.71029
2.7107
2.70135
2.69861
2.70098
2.71731
2.71825
2.71469
2.71661
2.7103
2.71315
2.70431
2.69865
2.68125
2.68127
2.66377
2.65139
2.65505
2.65502
2.64969
2.65657
2.67982
2.6777
2.68478
2.68193
2.72142
2.7199
2.71983
2.73281
2.75003
2.75235
2.74736
2.74142
2.75195
2.75495
2.76777
2.75951
2.74726
2.74627
2.75072
2.75199
2.732
2.72883
2.71819
2.72255
2.7128
2.7173
2.72773
2.71014
2.72852
2.72749
2.72109
2.73198
2.72861
2.73784
2.74463
2.76071
2.75856
2.75602
2.78802
2.7619
2.75931
2.75962
2.76525
2.74196
2.72458
2.71866
2.74745
2.76305
2.74308
2.7542
2.76718
2.75594
2.76732
2.77433
2.78607
2.79301
2.78805
2.78286
2.78923
2.77696
2.77886
2.77774
2.76448
2.76368
2.75965
2.76354
2.77866
2.76781
2.74917
2.75957
2.76599
2.7615
2.76807
2.75453
2.76396
2.76078
2.77321
2.77634
2.77528
2.78887
2.77618
2.76907
2.77086
2.77098
2.76912
2.76614
2.75968
2.73906
2.74046
2.74477
2.75354
2.76014
2.75848
2.76081
2.7678
2.76422
2.76258
