total_return,actor_loss
4.53932,-nan
4.87624,-nan
1.86192,-nan
2.11791,-nan
1.97073,-nan
3.73914,-nan
7.48541,-nan
2.05196,-nan
1.82705,-nan
2.80833,-nan
5.11184,-nan
4.08451,-nan
2.8141,-nan
4.56623,-nan
5.87926,-nan
3.3952,-nan
4.66435,-nan
4.34008,-nan
3.42856,-nan
4.99676,-nan
4.58147,-nan
4.12707,0.822179
4.29557,0.828238
3.72056,0.833499
3.38531,0.832458
4.35993,0.832757
4.7336,0.830342
5.21081,0.817131
3.82949,0.807342
2.44174,0.800172
3.10336,0.796377
5.09933,0.798539
4.43727,0.800879
4.51776,0.804823
3.28885,0.810758
4.05588,0.822584
4.25005,0.831924
3.94129,0.842436
2.58249,0.859
5.35052,0.881442
3.77271,0.901485
5.45343,0.91526
2.61563,0.935468
3.49962,0.952468
3.27065,0.971168
3.70445,0.992577
3.18971,1.01545
3.9277,1.03194
3.9679,1.05406
4.34109,1.07168
5.72746,1.09261
3.72134,1.11372
3.64035,1.1452
6.17721,1.16375
6.26638,1.17893
4.86248,1.19572
4.89458,1.21191
2.71692,1.23536
6.82927,1.2477
5.34218,1.25485
5.18481,1.2763
3.72555,1.30675
4.34389,1.33705
7.02583,1.35168
3.65487,1.37996
4.48573,1.40724
4.67106,1.43745
6.49086,1.46187
5.82709,1.48934
3.6292,1.52449
5.26109,1.5658
3.95831,1.58549
5.96081,1.59821
5.78939,1.63283
14.4352,1.68334
4.20174,1.71911
8.39987,1.75386
3.4205,1.79321
2.68775,1.83186
5.0738,1.86533
7.20963,1.9115
4.24751,1.96051
6.28341,1.99655
9.41485,2.02972
3.46743,2.07762
3.96115,2.12534
6.84778,2.16708
3.95824,2.20793
6.16632,2.25041
5.70122,2.29908
2.77838,2.35957
4.73564,2.40266
6.72296,2.44082
6.63078,2.48211
4.861,2.52277
4.43161,2.55841
5.52414,2.59188
8.95471,2.62893
3.94165,2.67191
9.39152,2.72035
