value
0.998329
0.99967
0.997659
0.99747
0.992705
0.994756
0.993903
0.993815
0.995824
0.995753
0.99782
0.998884
0.997573
0.998957
1.00203
1.00297
1.00643
1.0057
1.00872
1.00991
1.00962
1.00737
1.00661
1.00903
1.01658
1.01707
1.01382
1.01905
1.0134
1.01447
1.01215
1.01118
1.01198
1.01039
1.01167
1.01065
1.01173
1.00745
1.00857
1.01326
1.01277
1.01376
1.01556
1.01898
1.0197
1.02297
1.02068
1.02424
1.0291
1.03342
1.0396
1.04032
1.04041
1.04277
1.04474
1.04367
1.04785
1.05153
1.04826
1.04914
1.04942
1.04745
1.0521
1.05438
1.05642
1.0582
1.05244
1.054
1.05039
1.05681
1.05634
1.05008
1.04644
1.05327
1.05135
1.05404
1.05452
1.05485
1.05675
1.05209
1.04573
1.04924
1.05019
1.04932
1.05162
1.05288
1.05952
1.06105
1.0629
1.06265
1.06211
1.07434
1.07967
1.07931
1.08505
1.08661
1.08485
1.0898
1.09026
1.09313
1.08529
1.09808
1.10018
1.10374
1.10448
1.11027
1.11335
1.11768
1.1151
1.10725
1.09351
1.09083
1.08736
1.08886
1.08136
1.08519
1.0908
1.09029
1.09638
1.10446
1.10472
1.10594
1.11621
1.11698
1.10855
1.11807
1.1272
1.12246
1.12485
1.12595
1.1324
1.13307
1.12181
1.13619
1.13202
1.13421
1.13503
1.13994
1.13843
1.1392
1.14864
1.14772
1.1498
1.15246
1.14966
1.15296
1.13298
1.13632
1.14717
1.13661
1.12694
1.13329
1.12807
1.13337
1.13682
1.13991
1.14089
1.13352
1.1415
1.13773
1.14295
1.14363
1.14637
1.14359
1.13782
1.13828
1.13009
1.13271
1.1298
1.13211
1.13473
1.13567
1.13391
1.13047
1.1322
1.13149
1.13086
1.13392
1.14052
1.14597
1.14467
1.15186
1.16077
1.1581
1.1603
1.15654
1.15893
1.16587
1.16389
1.17101
1.16564
1.17019
1.17087
1.1795
1.18176
1.19612
1.1772
1.19159
1.17755
1.18461
1.18953
1.18266
1.19576
1.19745
1.20569
1.2053
1.21071
1.21169
1.20832
1.22079
1.22489
1.22719
1.22663
1.20746
1.21253
1.21425
1.20795
1.19918
1.19639
1.20554
1.19171
1.1929
1.19791
1.19542
1.19051
1.1783
1.18258
1.18268
1.17999
1.17844
1.17222
1.16942
1.16813
1.14054
1.13717
1.14837
1.15088
1.14297
1.14912
1.15469
1.15345
1.15722
1.1575
1.15382
1.15327
1.16381
1.17339
1.17952
1.1837
1.18584
1.18064
1.17885
1.18971
1.19886
1.20393
1.20761
1.19895
1.19196
1.19629
1.18563
1.17752
1.17565
1.17949
1.17882
1.18498
1.18413
1.18359
1.19077
1.19415
1.19005
1.18934
1.19288
1.1907
1.19282
1.184
1.18231
1.17976
1.17573
1.17862
1.16788
1.16791
1.17802
1.17668
1.17557
1.17518
1.1765
1.1701
1.16894
1.1728
1.17973
1.17757
1.18456
1.1819
1.17271
1.17046
1.15564
1.15427
1.15583
1.14461
1.14732
1.15345
1.1444
1.14652
1.14835
1.15323
1.15421
1.15788
1.16556
1.16536
1.16366
1.15986
1.14435
1.13823
1.1427
1.14605
1.1476
1.14734
1.14657
1.15066
1.1602
1.16392
1.15938
1.15922
1.16457
1.16034
1.15343
1.15652
1.1594
1.1621
1.1611
1.16567
1.16669
1.17512
1.17833
1.18303
1.17971
1.17927
1.17333
1.18565
1.18192
1.18017
1.17651
1.17774
1.1753
1.17678
1.17819
1.18078
1.17996
1.18397
1.18464
1.18218
1.18051
1.18663
1.18222
1.18259
1.18057
1.17421
1.17431
1.16706
1.17599
1.17498
1.17663
1.175
1.16809
1.16784
1.17203
1.1713
1.16972
1.17336
1.17617
1.17624
1.18101
1.18209
1.17611
1.17201
1.16365
1.1648
1.16839
1.16768
1.16996
1.17983
1.17941
1.18317
1.18112
1.18528
1.18466
1.1933
1.19376
1.19396
1.19376
1.19098
1.19375
1.19562
1.19837
1.19357
1.19362
1.19626
1.19474
1.19961
1.20502
1.20284
1.20195
1.20188
1.20155
1.20114
1.19513
1.20891
1.20895
1.21139
1.21296
1.19264
1.20062
1.19625
1.18257
1.17662
1.18459
1.184
1.18654
1.18666
1.18536
1.18005
1.18181
1.1811
1.18469
1.18637
1.18928
1.19132
1.19299
1.18932
1.1936
1.1919
1.19353
1.19188
1.19211
1.19222
1.19372
1.19897
1.1982
1.19709
1.20055
1.1996
1.19776
1.20345
1.20793
1.20375
1.20526
1.1987
1.20781
1.20457
1.20081
1.20134
1.19671
1.19978
1.19658
1.19477
1.19551
1.20176
1.2063
1.20578
1.20394
1.20165
1.19346
1.19613
1.19451
1.19526
1.19069
1.1878
1.19015
1.19252
1.19015
1.19248
1.18786
1.18917
1.19026
1.18816
1.19338
1.19894
1.19957
1.19785
1.19872
1.19167
1.18564
1.18867
1.18538
1.18908
1.18955
1.19055
1.19048
1.1939
1.1897
1.18865
1.18938
1.18714
1.18138
1.18159
1.18563
1.18446
1.18716
1.18533
1.18423
1.18712
1.19024
1.18715
1.18712
1.19014
1.18968
1.18848
1.18824
1.19263
1.19498
1.19678
1.19562
1.19418
1.192
1.18211
1.18292
1.18514
1.18556
1.18682
1.18603
1.19037
1.18949
1.18983
1.19167
1.18447
1.19105
1.18963
1.18984
1.18884
1.17616
1.1787
1.18072
1.17979
1.18158
1.1812
1.18491
1.1839
1.18084
1.18446
1.18299
1.18665
1.19367
1.19283
1.20042
1.20037
1.20668
1.20505
1.20478
1.20405
1.21046
1.21434
1.21276
1.217
1.21574
1.21474
1.2138
1.21308
1.21634
1.21841
1.22209
1.2142
1.21351
1.21902
1.22248
1.21902
1.22113
1.22155
1.22367
1.22772
1.23076
1.23067
1.22573
1.23225
1.22935
1.22446
1.22723
1.22807
1.22983
1.23794
1.24039
1.23662
1.24354
1.24001
1.24962
1.24944
1.25813
1.25938
1.25909
1.25735
1.23883
1.24342
1.24949
1.23729
1.23744
1.23237
1.24157
1.23862
1.24921
1.24307
1.2413
1.23594
1.23387
1.23851
1.24214
1.24329
1.2462
1.24264
1.2489
1.24218
1.25076
1.24171
1.24762
1.24582
1.2528
1.25039
1.25872
1.25856
1.26452
1.26233
1.26745
1.26622
1.27447
1.27909
1.276
1.27538
1.25912
1.28864
1.29558
1.29748
1.30034
1.29244
1.28962
1.28758
1.2939
1.2976
1.29709
1.30576
1.30715
1.3133
1.31
1.31355
1.30988
1.29968
1.29804
1.2932
1.30053
1.31013
1.2862
1.31791
1.30626
1.30812
1.30803
1.30488
1.31622
1.3246
1.32217
1.32319
1.32017
1.32152
1.32422
1.32818
1.329
1.33392
1.32327
1.33595
1.32726
1.32627
1.32376
1.32509
1.32475
1.32829
1.32925
1.32667
1.31973
1.30142
1.29081
1.29241
1.3023
1.30367
1.30278
1.29532
1.28876
1.28636
1.28702
1.28916
1.29525
1.30301
1.301
1.29955
1.29449
1.29361
1.2974
1.30415
1.30113
1.29419
1.28861
1.28717
1.28237
1.2731
1.27487
1.27687
1.2671
1.2709
1.26266
1.27089
1.27185
1.27099
1.28251
1.2765
1.27352
1.26722
1.26659
1.27498
1.28097
1.28424
1.28871
1.29025
1.28848
1.28773
1.28221
1.28251
1.27421
1.27938
1.28108
1.27926
1.27881
1.27448
1.28447
1.28418
1.27522
1.2825
1.27681
1.2799
1.2845
1.28503
1.29149
1.29173
1.29225
1.28377
1.28542
1.2838
1.30118
1.30569
1.30481
1.31238
1.31016
1.30579
1.31718
1.30669
1.31693
1.32211
1.32723
1.32723
1.32048
1.31997
1.32062
1.32355
1.31616
1.30611
1.30941
1.31193
1.31031
1.30753
1.30188
1.30372
1.288
1.27676
1.27561
1.28021
1.27813
1.26602
1.26442
1.26416
1.26844
1.24566
1.25516
1.24392
1.23417
1.24786
1.25834
1.25718
1.31163
1.29615
1.3185
1.33135
1.32728
1.31881
1.31789
1.319
1.33987
1.3195
1.32645
1.30616
1.3103
1.31941
1.33539
1.32375
1.35329
1.31792
1.30736
1.30831
1.31788
1.29304
1.28039
1.29074
1.27766
1.24667
1.23517
1.25028
1.25447
1.26709
1.26629
1.25989
1.25052
1.24954
1.27875
1.25694
1.25462
1.25764
1.26546
1.25737
1.23764
1.25192
1.26459
1.25647
1.25578
1.25471
1.26179
1.30685
1.31978
1.31513
1.31332
1.31892
1.28201
1.28872
1.2825
1.27637
1.26791
1.25774
1.28914
1.31337
1.30979
1.31052
1.31496
1.31992
1.32149
1.31777
1.31594
1.32361
1.32085
1.32622
1.34099
1.34775
1.34125
1.3531
1.34931
1.34412
1.35138
1.33372
1.34052
1.33936
1.32058
1.32613
1.31872
1.32515
1.33737
1.35595
1.34652
1.3496
1.37569
1.37232
1.36808
1.36507
1.38329
1.39633
1.38211
1.37562
1.38363
1.39336
1.40195
1.3788
1.3911
1.40372
1.40855
1.40853
1.43577
1.44647
1.43768
1.43873
1.44868
1.43254
1.42946
1.43184
1.42887
1.42154
1.42059
1.41298
1.43202
1.43268
1.42513
1.40729
1.40804
1.4104
1.41205
1.40817
1.40353
1.41049
1.41139
1.41191
1.40456
1.40411
1.40759
1.40971
1.40526
1.40194
1.40692
1.41017
1.39279
1.38655
1.37448
1.38709
1.38413
1.38543
1.3917
1.38913
1.39107
1.38224
1.37963
1.39119
1.39179
1.39206
1.39741
1.39986
1.39928
1.39046
1.39225
1.38859
1.38739
1.39256
1.39247
1.39947
1.39815
1.39649
1.39381
1.39634
1.39801
1.39782
1.40044
1.39552
1.39681
1.39843
1.4028
1.40388
1.40304
1.40547
1.41122
1.4154
1.41442
1.41272
1.40639
1.41687
1.41177
1.41112
1.4077
1.41161
1.40753
1.40282
1.40031
1.40103
1.39967
1.39752
1.39925
1.39155
1.38939
1.39169
1.39555
1.39391
1.39374
1.39062
1.39683
1.3924
1.38784
1.38774
1.37627
1.37598
1.37641
1.37967
1.38298
1.38964
1.38626
1.38758
1.39207
1.39047
1.39207
1.39442
1.39388
1.39537
1.38695
1.38535
1.3873
1.39262
1.39375
1.39815
1.39723
1.39861
1.40051
1.39628
1.3933
1.39379
1.39525
1.39271
1.38648
1.38836
1.38852
1.38743
1.39455
1.38735
1.389
1.38965
1.38908
1.39258
1.38942
1.39432
1.40592
1.41429
1.41438
1.40907
1.40626
1.40841
1.4125
1.40758
1.41137
1.41576
1.41317
1.41058
1.41066
1.41289
1.41155
1.40593
1.40092
1.40172
1.40478
1.40942
1.40654
1.4086
1.41474
1.42476
1.42391
1.42951
1.42839
1.43139
1.43418
1.43175
1.42787
1.43033
1.43479
1.43176
1.43248
1.43377
1.43329
1.42805
1.42772
1.42146
1.4319
1.42928
1.43695
1.44997
1.45191
1.4511
1.45188
1.45256
1.45377
1.45993
1.45616
1.4614
1.46763
1.47117
1.47157
1.47116
1.47505
1.47968
1.48113
1.48361
1.47793
1.47871
1.48671
1.49709
1.49655
1.4826
1.47712
1.46794
1.46583
1.46635
1.46292
1.46614
1.46993
1.47801
1.46289
1.4731
1.4665
1.46489
1.46546
1.47261
1.47474
1.47064
1.4692
1.47311
1.48262
1.48133
1.49196
1.49242
1.49272
1.49713
1.48401
1.48867
1.49134
1.48691
1.49334
1.48366
1.47474
1.47087
1.47383
1.47388
1.4702
1.47146
1.47169
1.48415
1.48624
1.48686
1.46384
1.46645
1.46346
1.46915
1.4686
1.48214
1.48264
1.49646
1.49899
1.50829
1.50145
1.49876
1.49051
1.48721
1.49122
1.49648
1.49786
1.50675
1.50929
1.50687
1.50791
1.50284
1.50146
1.49427
1.49467
1.48996
1.4939
1.50581
1.50202
1.51025
1.49883
1.49477
1.50151
1.493
1.4977
1.50706
1.5061
1.50318
1.51034
1.5166
1.52314
1.52492
1.53408
1.53482
1.53725
1.53134
1.52984
1.53107
1.53626
1.52179
1.52204
1.52615
1.53276
1.5325
1.53985
1.53643
1.5519
1.5505
1.54919
1.55541
1.56106
1.56067
1.56348
1.58742
1.58336
1.58146
1.60408
1.60989
1.60657
1.60905
1.60228
1.60761
1.58097
1.56866
1.56313
1.58041
1.58417
1.59688
1.59342
1.59713
1.60542
1.60685
1.60037
1.61383
1.62911
1.62534
1.6224
1.60825
1.61445
1.6088
1.61478
1.61122
1.62051
1.62612
1.6146
1.62218
1.61648
1.61774
1.62553
1.62107
1.62491
1.62593
1.58854
1.5945
1.58123
1.58963
1.58666
1.59407
1.59006
1.59224
1.59026
1.58179
1.56967
1.56383
1.57268
1.57217
1.57478
1.56919
1.56221
1.55065
1.55194
1.5529
1.56035
1.55645
1.55488
1.55886
1.56152
1.56538
1.55936
1.56266
1.56097
1.57848
1.58365
1.59106
1.58956
1.58922
1.59084
1.59267
1.59593
1.59956
1.60388
1.60248
1.60095
1.60075
1.60797
1.60641
1.60438
1.60139
1.60345
1.61109
1.60405
1.6058
1.60427
1.60694
1.6014
1.60872
1.60264
1.60648
1.61086
1.6019
1.59638
1.60181
1.59411
1.60037
1.59619
1.59298
1.5949
1.5874
1.60305
1.59926
1.59059
1.59245
1.59219
1.5955
1.6028
1.60283
1.59466
1.59994
1.58683
1.59774
1.58228
1.58454
1.58444
1.584
1.58244
1.59128
1.59582
1.58228
1.58489
1.58008
1.59534
1.59499
1.60681
1.60538
1.61694
1.62001
1.60952
1.60124
1.6005
1.59892
1.60418
1.60063
1.60319
1.61353
1.61912
1.6166
1.62322
1.63773
1.64042
1.63499
1.64562
1.64448
1.63625
1.63133
1.63561
1.6363
1.64175
1.63647
1.63447
1.63596
1.63714
1.64274
1.64656
1.64858
1.64686
1.64546
1.65108
1.65901
1.64977
1.65609
1.65016
1.63611
1.63353
1.63631
1.64327
1.64872
1.64905
1.65059
1.6384
1.62236
1.62862
1.62616
1.61108
1.60896
1.6007
1.60035
1.60498
1.58703
1.59942
1.60205
1.60193
1.59639
1.60504
1.60854
1.61002
1.61662
1.61288
1.60969
1.61154
1.6172
1.62416
1.62608
1.6291
1.63049
1.6326
1.63979
1.63225
1.63458
1.63739
1.64346
1.64544
1.63521
1.63605
1.63775
1.6371
1.63915
1.6333
1.63896
1.6334
1.62228
1.62215
1.6286
1.63125
1.63168
1.62958
1.6368
1.63268
1.63073
1.63027
1.62916
1.63085
1.63826
1.63439
1.63571
1.64563
1.6491
1.64779
1.6533
1.64521
1.64148
1.64152
1.65129
1.66045
1.66418
1.6615
1.65811
1.65596
1.65463
1.66242
1.66085
1.66498
1.66218
1.65911
1.65188
1.63545
1.65
1.66417
1.66557
1.65906
1.66574
1.66167
1.66425
1.66063
1.66297
1.66392
1.66888
1.67969
1.68443
1.68333
1.68456
1.68862
1.68421
1.6819
1.68559
1.68284
1.67795
1.68016
1.67318
1.67913
1.67662
1.67788
1.6797
1.67849
1.68674
1.69028
1.68541
1.68846
1.68796
1.68091
1.67605
1.67912
1.67662
1.67979
1.6691
1.66114
1.6682
1.68139
1.6862
1.68838
1.70099
1.71156
1.71859
1.71434
1.71966
1.72792
1.7181
1.71934
1.70974
1.71049
1.71763
1.72226
1.71514
1.72109
1.72648
1.72491
1.7483
1.75841
1.74512
1.76864
1.78096
1.79322
1.81984
1.81269
1.7924
1.79054
1.79233
1.7919
1.80539
1.81712
1.83623
1.80958
1.7816
1.78578
1.80882
1.78254
1.79964
1.79653
1.80403
1.83452
1.84576
1.8034
1.8189
1.81823
1.81208
1.81781
1.81127
1.79811
1.80123
1.79559
1.80693
1.79342
1.77662
1.73982
1.72932
1.74387
1.72494
1.73135
1.73245
1.75252
1.74055
1.74405
1.74701
1.73836
1.75666
1.74744
1.75081
1.74612
1.7512
1.74505
1.7441
1.73435
1.7223
1.7329
1.73893
1.75867
1.76837
1.77878
1.77227
1.76234
1.77557
1.78827
1.79955
1.79215
1.80896
1.80086
1.79237
1.79691
1.80744
1.7972
1.80216
1.79632
1.77747
1.7788
1.75817
1.76809
1.76568
1.76508
1.78107
1.78462
1.80028
1.79394
1.79379
1.78369
1.78799
1.79153
1.7764
1.78049
1.75885
1.74954
1.72869
1.72579
1.74076
1.73953
1.75089
1.74906
1.74536
1.74638
1.73956
1.72185
1.72329
1.73005
1.74788
1.74799
1.75534
1.7572
1.75667
1.76476
1.76977
1.77356
1.7664
1.77594
1.77902
1.77422
1.77595
1.78276
1.77441
1.79626
1.79915
1.79769
1.80401
1.80629
1.80996
1.79565
1.79465
1.80602
1.7984
1.79698
1.79425
1.79729
1.79672
1.80473
1.80647
1.80355
1.82037
1.82792
1.82959
1.82311
1.82425
1.82904
1.79149
1.80703
1.8049
1.80593
1.79235
1.79526
1.80463
1.80705
1.80733
1.7949
1.78728
1.79658
1.79659
1.79576
1.78832
1.7894
1.78579
1.79212
1.80278
1.7971
1.79165
1.79024
1.79202
1.79628
1.78107
1.77771
1.78337
1.78637
1.79332
1.79102
1.79687
1.78856
1.78996
1.78577
1.78449
1.78605
1.7867
1.78368
1.78408
1.78534
1.78975
1.79131
1.78969
1.78621
1.78441
1.78007
1.78204
1.78302
1.76922
1.76424
1.76605
1.76152
1.75304
1.74703
1.74929
1.76339
1.76752
1.76592
1.75485
1.75744
1.75665
1.76346
1.7558
1.7609
1.75965
1.78469
1.78168
1.7799
1.78216
1.76992
1.77244
1.77357
1.7811
1.78454
1.78592
1.78543
1.783
1.78133
1.77353
1.75394
1.76174
1.76952
1.76166
1.76259
1.75436
1.77502
1.7712
1.78299
1.77673
1.76887
1.77221
1.76104
1.76631
1.76515
1.77407
1.77288
1.76729
1.76517
1.76659
1.76808
1.76703
1.76954
1.7824
1.78668
1.78829
1.78761
1.78259
1.77437
1.77064
1.77945
1.77884
1.77873
1.78091
1.78337
1.78712
1.78033
1.77493
1.7789
1.78522
1.78498
1.78904
1.79559
1.80015
1.80292
1.80268
1.80186
1.80331
1.79588
1.79712
1.81536
1.81384
1.81485
1.81495
1.8317
1.81881
1.82293
1.819
1.83151
1.82924
1.8212
1.82761
1.83095
1.82867
1.83271
1.82871
1.82771
1.82481
1.83516
1.832
1.8384
1.83537
1.83619
1.84082
1.83448
1.83341
1.82978
1.83266
1.83427
1.82865
1.8222
1.8269
1.82336
1.82141
1.81788
1.82099
1.81489
1.8148
1.81948
1.82128
1.82214
1.82037
1.81039
1.81674
1.82684
1.82766
1.83339
1.83171
1.83103
1.83086
1.83095
1.82919
1.83012
1.83909
1.83685
1.83701
1.84394
1.84094
1.83564
1.83135
1.83319
1.82891
1.82908
1.81919
1.81496
1.81993
1.82564
1.83022
1.8281
1.82611
1.82239
1.82357
1.82371
1.81484
1.81305
1.80606
1.80826
1.81088
1.81335
1.81539
1.81446
1.81933
1.82601
1.82065
1.82305
1.81982
1.82009
1.81988
1.8297
1.82242
1.82035
1.82028
1.81903
1.82241
1.82008
1.82412
1.82084
1.8145
1.81438
1.81106
1.81281
1.81729
1.81469
1.81593
1.81927
1.82431
1.8268
1.82662
1.82995
1.8217
1.8251
1.81827
1.81568
1.80759
1.80799
1.79098
1.79858
1.80067
1.80978
1.81631
1.8088
1.8009
1.80044
1.80329
1.80289
1.80517
1.80545
1.80619
1.81292
1.81931
1.81493
1.81641
1.81769
1.82486
1.82687
1.8257
1.83092
1.82542
1.82218
1.81966
1.82484
1.82062
1.82183
1.80748
1.80065
1.79711
1.81896
1.82341
1.82891
1.8145
1.81888
1.78404
1.72087
1.72502
1.72515
1.73627
1.74207
1.75935
1.75144
1.76051
1.77699
1.7737
1.77666
1.77882
1.76718
1.77145
1.77671
1.77812
1.76974
1.77939
1.76911
1.7677
1.76401
1.75962
1.74184
1.74038
1.72201
1.74891
1.7337
1.72726
1.74424
1.73704
1.73379
1.74367
1.75053
1.73509
1.74819
1.73908
1.74173
1.74457
1.72065
1.72529
1.72431
1.72409
1.71762
1.718
1.71213
1.70482
1.6998
1.67189
1.68321
1.68407
1.67936
1.65621
1.64508
1.6618
1.67541
1.66856
1.67676
1.66189
1.67314
1.67704
1.68008
1.68741
1.68983
1.69204
1.69764
1.68569
1.69169
1.69957
1.71977
1.72149
1.70907
1.71838
1.71496
1.70975
1.70817
1.70758
1.69959
1.70321
1.69815
1.68893
1.68582
1.69615
1.69557
1.70492
1.70286
1.71106
1.72157
1.72189
1.72202
1.72429
1.7205
1.72649
1.73813
1.7392
1.74306
1.73933
1.73949
1.73792
1.75046
1.74309
1.73161
1.74242
1.74045
1.72797
1.72842
1.70699
1.70738
1.69849
1.6992
1.72603
1.7199
1.70572
1.70339
1.70366
1.70921
1.70296
1.71112
1.7053
1.69029
1.69936
1.69668
1.69363
1.69834
1.69916
1.69077
1.68514
1.67957
1.68001
1.68437
1.68404
1.70166
1.69425
1.69435
1.70547
1.7006
1.70483
1.70629
1.70706
1.70338
1.70476
1.69784
1.69731
1.69959
1.69816
1.70134
1.69538
1.68834
1.68907
1.68025
1.68266
1.68774
1.69065
1.68395
1.68308
1.66955
1.67112
1.67349
1.67542
1.67214
1.66995
1.67752
1.66412
1.66809
1.67591
1.66899
1.66726
1.67656
1.68568
1.68033
1.66747
1.67553
1.6767
1.6709
1.6654
1.65618
1.6618
1.6594
1.66186
1.66625
1.66791
1.65964
1.66142
1.67154
1.678
1.68007
1.67403
1.67065
1.67367
1.68227
1.6827
1.67624
1.6767
1.67905
1.68465
1.67909
1.67624
1.6905
1.68914
1.68071
1.68187
1.69036
1.67668
1.68082
1.68684
1.6828
1.6852
1.68361
1.6883
1.69263
1.69808
1.69921
1.70509
1.71045
1.7107
1.70542
1.7123
1.71246
1.71925
1.71978
1.71399
1.71612
1.71261
1.72372
1.71694
1.71827
1.72534
1.71892
1.71977
1.72338
1.73223
1.73345
1.73629
1.72734
1.72321
1.71031
1.71402
1.71773
1.70601
1.70583
1.70112
1.69681
1.69846
1.6951
1.69484
1.69994
1.69875
1.70688
1.70285
1.70732
1.70462
1.70711
1.70478
1.71037
1.70092
1.70122
1.69735
1.69581
1.69406
1.69338
1.69695
1.70065
1.69754
1.69802
1.69575
1.69166
1.69786
1.70347
1.70202
1.69107
1.69161
1.69243
1.6989
1.69752
1.7053
1.69869
1.6964
1.69703
1.69707
1.69556
1.69782
1.69858
1.68532
1.68214
1.68154
1.67849
1.67445
1.6776
1.67598
1.68214
1.68038
1.68106
1.68606
1.68713
1.69348
1.6944
1.69194
1.69036
1.69368
1.71655
1.71402
1.71651
1.71682
1.71696
1.71456
1.71426
1.72144
1.71864
1.71943
1.71763
1.71827
1.71767
1.72092
1.72428
1.72595
1.70983
1.70322
1.70674
1.71907
1.71363
1.71445
1.71158
1.71218
1.705
1.71355
1.71306
1.71078
1.70941
1.70218
1.70859
1.70493
1.70426
1.71668
1.71904
1.71972
1.7173
1.71811
1.72008
1.72106
1.71603
1.71231
1.71111
1.70947
1.70334
1.70551
1.70487
1.70917
1.70934
1.71319
1.71218
1.70002
1.7048
1.6994
1.70947
1.69998
1.70406
1.69893
1.69544
1.68901
1.69016
1.69145
1.68284
1.68876
1.68393
1.68417
1.68867
1.68453
1.68975
1.68676
1.6899
1.68363
1.68938
1.6878
1.67064
1.68537
1.68296
1.68857
1.68828
1.68867
1.69539
1.6937
1.69876
1.69419
1.69387
1.70194
1.70224
1.69924
1.69531
1.69568
1.69352
1.69278
1.68137
1.67646
1.66096
1.66628
1.66839
1.6503
1.65449
1.67894
1.65888
1.67119
1.668
1.67001
1.69009
1.68844
1.6965
1.68533
1.69624
1.69997
1.70048
1.70246
1.69874
1.67699
1.71132
1.69988
1.7113
1.71101
1.69986
1.714
1.72821
1.72241
1.71564
1.7187
1.69695
1.70003
1.69184
1.70626
1.70515
1.69589
1.6985
1.70142
1.71175
1.70622
1.71597
1.70367
1.70983
1.72584
1.73207
1.72819
1.7276
1.73802
1.74111
1.73978
1.73893
1.75861
1.81128
1.82225
1.82795
1.83374
1.83726
1.83296
1.83609
1.82301
1.80458
1.8203
1.812
1.80104
1.80029
1.80673
1.78086
1.79378
1.78813
1.78084
1.78442
1.78157
1.76978
1.76982
1.76477
1.76076
1.76346
1.76163
1.76444
1.76611
1.77389
1.77312
1.77087
1.76642
1.7695
1.74781
1.75603
1.75356
1.75112
1.75683
1.75571
1.76093
1.75209
1.76771
1.75853
1.77572
1.77476
1.77362
1.77818
1.78006
1.77916
1.7707
1.77286
1.78916
1.78592
1.78648
1.78575
1.78681
1.78265
1.79581
1.79207
1.7893
1.79216
1.78918
1.79093
1.78325
1.7905
1.78184
1.78556
1.77255
1.78529
1.79164
1.78058
1.76272
1.75767
1.76731
1.77118
1.77039
1.75864
1.76588
1.76317
1.77161
1.78161
1.78068
1.78148
1.77879
1.77273
1.78147
1.78265
1.78096
1.77577
1.78056
1.78284
1.78205
1.78268
1.78753
1.77189
1.76158
1.76066
1.769
1.76275
1.76613
1.75869
1.76362
1.76793
1.76283
1.76722
1.77106
1.76869
1.76085
1.75854
1.76546
1.76259
1.76217
1.77539
1.76175
1.76139
1.76391
1.7667
1.75774
1.76025
1.75443
1.75713
1.75543
1.76194
1.75901
1.7598
1.75635
1.74277
1.74086
1.7328
1.73111
1.73257
1.72963
1.72314
1.7261
1.72472
1.73093
1.72482
1.72588
1.72529
1.72804
1.7279
1.73079
1.73251
1.74044
1.73178
1.73192
1.73638
1.73684
1.74796
1.75725
1.75656
1.74619
1.72666
1.71624
1.72594
1.73416
1.73838
1.7385
1.73017
1.72815
1.72811
1.72445
1.71501
1.71702
1.71358
1.71315
1.71186
1.7214
1.72912
1.73065
1.72878
1.72844
1.73245
1.74457
1.74092
1.73103
1.72683
1.71908
1.72091
1.73539
1.73411
1.74264
1.74003
1.73557
1.74619
1.7469
1.75001
1.76066
1.7536
1.7544
1.75204
1.75738
1.75121
1.75051
1.76034
1.76246
1.7598
1.75342
1.7518
1.74778
1.74142
1.73331
1.73004
1.73358
1.72327
1.73396
1.73157
1.73012
1.72855
1.72434
1.72934
1.72248
1.72467
1.73021
1.72413
1.72166
1.72666
1.72277
1.71474
1.71935
1.72346
1.70981
1.72068
1.72806
1.72093
1.7238
1.72069
1.71429
1.72
1.70853
1.70629
1.71654
1.70706
1.71776
1.72153
1.71561
1.71293
1.71835
1.71052
1.70953
1.70648
1.70747
1.71696
1.71764
1.72878
1.73615
1.72765
1.72043
1.7196
1.72362
1.70846
1.71917
1.71535
1.72589
1.72704
1.72497
1.73497
1.74162
1.74314
1.73365
1.73642
1.7516
1.74928
1.75506
1.75718
1.7647
1.77772
1.77299
1.77737
1.80173
1.79453
1.78228
1.78641
1.80338
1.79725
1.7838
1.79657
1.79816
1.80166
1.79936
1.8123
1.80608
1.81583
1.82552
1.82154
1.82192
1.81649
1.8096
1.82153
1.80178
1.79731
1.80037
1.81245
1.80528
1.79739
1.79464
1.80034
1.78529
1.78537
1.79001
1.80166
1.7878
1.78837
1.78359
1.77758
1.78422
1.77915
1.78522
1.78221
1.78913
1.78741
1.78407
1.77982
1.78437
1.77827
1.79057
1.786
1.79039
1.78146
1.79048
1.79091
1.79132
1.80258
1.80731
1.79734
1.79301
1.79154
1.79118
1.80016
1.78693
1.79127
1.79909
1.79041
1.79761
1.7994
1.80195
1.78983
1.79435
1.79319
1.79057
1.77821
1.78143
1.77852
1.77096
1.77768
1.77678
1.77107
1.78994
1.77913
1.78111
1.79257
1.79458
1.80112
1.809
1.80693
1.81548
1.80598
1.81107
1.80305
1.78969
1.79582
1.78778
1.81908
1.82861
1.82009
1.82124
1.82178
1.83457
1.83793
1.84147
1.83757
1.84164
1.83486
1.8274
1.83681
1.82933
1.82938
1.83322
1.8352
1.82724
1.84013
1.83125
1.82994
1.83076
1.83878
1.8347
1.84264
1.83723
1.84358
1.83539
1.83862
1.82604
1.82819
1.83104
1.83223
1.82426
1.82654
1.82625
1.8291
1.8251
1.82639
1.82037
1.82091
1.81877
1.81227
1.81324
1.81088
1.81752
1.8107
1.81259
1.8159
1.82204
1.83683
1.82738
1.825
1.819
1.81914
1.81357
1.81757
1.81216
1.80969
1.81412
1.81265
1.82464
1.82338
1.82518
1.82311
1.81606
1.81516
1.81496
1.81462
1.81107
1.78746
1.78737
1.78396
1.78638
1.78532
1.78507
1.78805
1.79406
1.78799
1.79409
1.7958
1.80121
1.79857
1.80242
1.80279
1.80915
1.80426
1.80519
1.81024
1.80725
1.81207
1.81408
1.81407
1.81329
1.80311
1.80349
1.80437
1.79861
1.78499
1.78125
1.79206
1.79143
1.78826
1.78737
1.79232
1.78953
1.77513
1.77738
1.78265
1.77707
1.7675
1.77189
1.7729
1.771
1.76488
1.76869
1.76526
1.76301
1.77145
1.76478
1.75636
1.7539
1.76273
1.76495
1.76019
1.76246
1.75906
1.76105
1.76338
1.76554
1.77621
1.76563
1.7771
1.78144
1.79059
1.77961
1.79113
1.79064
1.79369
1.79402
1.79493
1.80585
1.79394
1.79937
1.80067
1.80229
1.79513
1.79101
1.78155
1.7884
1.79181
1.80236
1.79522
1.8018
1.80313
1.8136
1.81169
1.81947
1.81211
1.81794
1.81396
1.81503
1.82088
1.82375
1.81795
1.81977
1.82357
1.82845
1.831
1.82727
1.82761
1.82909
1.82353
1.8243
1.81361
1.80881
1.80442
1.80288
1.80544
1.79942
1.79868
1.81211
1.80675
1.80701
1.80935
1.81459
1.81035
1.81053
1.81051
1.81068
1.80866
1.8122
1.80926
1.81553
1.81804
1.81806
1.81783
1.81408
1.81819
1.82176
1.82953
1.83051
1.82993
1.82888
1.83264
1.82285
1.8253
1.82861
1.81938
1.81128
1.81631
1.8153
1.81948
1.81132
1.81202
1.80266
1.79957
1.79738
1.79619
1.79356
1.79486
1.79922
1.80048
1.79949
1.80181
1.80866
1.79777
1.80397
1.80319
1.79625
1.80349
1.80014
1.80731
1.80655
1.80711
1.8058
1.81265
1.80972
1.81804
1.81257
1.80916
1.80596
1.80477
1.80506
1.80092
1.79579
1.80182
1.79383
1.79661
1.7987
1.79989
1.80396
1.79567
1.79957
1.79588
1.79086
1.78658
1.77601
1.78178
1.7826
1.77339
1.77663
1.77307
1.77566
1.77575
1.78123
1.77902
1.78393
1.78103
1.78283
1.78361
1.78103
1.7813
1.78587
1.77907
1.78169
1.77564
1.77114
1.77146
1.76954
1.76202
1.7687
1.76843
1.77584
1.78159
1.78144
1.77465
1.77283
1.78039
1.78154
1.78338
1.78216
1.77648
1.78156
1.7758
1.7802
1.78495
1.78228
1.78337
1.79376
1.79465
1.80181
1.79587
1.80283
1.79712
1.78951
1.79426
1.78992
1.79606
1.7906
1.78794
1.78874
1.78236
1.7829
1.78234
1.78894
1.78541
1.78375
1.787
1.78176
1.77763
1.77983
1.78147
1.77696
1.78083
1.78406
1.7855
1.78486
1.78366
1.78903
1.78463
1.78176
1.77963
1.78327
1.77723
1.78294
1.77908
1.77864
1.76993
1.78002
1.78206
1.77657
1.77968
1.7807
1.7766
1.78487
1.78234
1.78513
1.78807
1.78052
1.78079
1.78176
1.77633
1.7734
1.78294
1.77553
1.77629
1.78302
1.77581
1.77648
1.77617
1.77499
1.77008
1.77181
1.77246
1.76584
1.76526
1.75656
1.75833
1.75686
1.75774
1.76568
1.76016
1.76287
1.76777
1.76778
1.76827
1.76796
1.77224
1.77669
1.7798
1.7831
1.7876
1.79413
1.78969
1.79501
1.79283
1.79465
1.7936
1.79456
1.79486
1.79969
1.79282
1.78777
1.79066
1.79252
1.79134
1.79505
1.80044
1.79392
1.79678
1.79157
1.7905
1.79385
1.79812
1.78756
1.79205
1.78618
1.78245
1.78576
1.78562
1.78839
1.78972
1.79659
1.79088
1.78752
1.78412
1.78414
1.78952
1.78631
1.78906
1.78077
1.78483
1.7814
1.78069
1.77721
1.78362
1.77431
1.7733
1.77733
1.77878
1.77777
1.77654
1.7725
1.77279
1.77407
1.76939
1.78379
1.77762
1.78475
1.78597
1.77933
1.77307
1.77823
1.7844
1.77956
1.78148
1.77846
1.78313
1.78479
1.78394
1.78724
1.77871
1.7844
1.78557
1.78363
1.78242
1.781
1.77703
1.77532
1.78296
1.77728
1.77846
1.78231
1.77653
1.77361
1.77713
1.78171
1.78046
1.78134
1.7816
1.78367
1.78994
1.78548
1.78183
1.77259
1.77779
1.77877
1.78078
1.78371
1.78256
1.78438
1.79183
1.7887
1.79268
1.79665
1.79047
1.78694
1.78797
1.79046
1.79071
1.78771
1.78879
1.78925
1.78853
1.79206
1.79072
1.78602
1.78298
1.77934
1.7774
1.77634
1.77775
1.7732
1.76672
1.76399
1.76372
1.76718
1.75621
1.76586
1.76781
1.76513
1.76606
1.76465
1.75508
1.76197
1.75804
1.75677
1.74735
1.75007
1.74671
1.75106
1.74341
1.74556
1.75014
1.74136
1.74492
1.74257
1.74502
1.74098
1.73673
1.74165
1.73786
1.73946
1.7402
1.73825
1.74174
1.735
1.73582
1.72726
1.72548
1.73052
1.73081
1.73104
1.73133
1.72613
1.74107
1.7403
1.73369
1.73748
1.73646
1.73642
1.73481
1.73782
1.73779
1.73598
1.73813
1.73566
1.74295
1.73911
1.73544
1.74118
1.73908
1.74231
1.74379
1.73813
1.73931
1.739
1.73567
1.73038
1.73782
1.73847
1.74621
1.74405
1.74799
1.74628
1.73907
1.73883
1.73965
1.75233
1.74625
1.75218
1.74977
1.75046
1.75426
1.75537
1.75194
1.75836
1.75919
1.75944
1.76277
1.75865
1.75691
1.75579
1.76405
1.76112
1.76089
1.75811
1.7579
1.75712
1.75294
1.74966
1.75266
1.75684
1.75704
1.76187
1.75815
1.75735
1.76235
1.76126
1.76259
1.76022
1.76503
1.76474
1.76129
1.76906
1.77229
1.77162
1.77615
1.77286
1.77574
1.77833
1.77421
1.77216
1.77863
1.77827
1.77184
1.78193
1.77399
1.78445
1.78042
1.78832
1.78892
1.78925
1.78742
1.79481
1.78664
1.79018
1.78654
1.7923
1.78333
1.78467
1.78934
1.78762
1.7921
1.79231
1.78544
1.78944
1.78815
1.78668
1.80098
1.79879
1.80172
1.8051
1.80203
1.8022
1.79967
1.80318
1.7991
1.80257
1.8063
1.80417
1.80823
1.80202
1.80996
1.81273
1.82313
1.82079
1.81302
1.81546
1.81515
1.81531
1.80796
1.8052
1.79588
1.79496
1.79746
1.79718
1.7958
1.80819
1.80229
1.80503
1.80905
1.79925
1.80477
1.80438
1.80528
1.80922
1.80231
1.80702
1.81499
1.81065
1.80993
1.80094
1.80307
1.80117
1.80476
1.80373
1.80351
1.80372
1.80755
1.8096
1.81068
1.79944
1.8005
1.79753
1.79033
1.7891
1.7884
1.79005
1.78754
1.79033
1.79514
1.80029
1.79645
1.79691
1.78998
1.78852
1.79389
1.79329
1.79479
1.79222
1.79287
1.79386
1.80134
1.80061
1.80189
1.79622
1.79278
1.79356
1.79195
1.79071
1.79762
1.79735
1.79363
1.79391
1.80084
1.81192
1.8212
1.81926
1.8212
1.82467
1.82749
1.81809
1.81741
1.81993
1.82529
1.82575
1.82731
1.83087
1.83608
1.85419
1.8573
1.86536
1.86708
1.86093
1.86062
1.8628
1.85105
1.86704
1.86674
1.85966
1.85853
1.8615
1.87387
1.86509
1.8697
1.86824
1.86308
1.87643
1.88434
1.87238
1.87595
1.87325
1.87985
1.87559
1.87625
1.88072
1.88344
1.8734
1.89417
1.88818
1.89545
1.89337
1.90636
1.9096
1.90787
1.91257
1.90836
1.91715
1.92305
1.91992
1.91281
1.919
1.91611
1.91446
1.92759
1.92293
1.93307
1.93079
1.92676
1.92595
1.93964
1.94397
1.92495
1.91889
1.91641
1.90822
1.91319
1.91733
1.9099
1.91452
1.91977
1.91102
1.91598
1.92422
1.92953
1.93533
1.91982
1.92328
1.92058
1.90824
1.91353
1.92084
1.92015
1.91839
1.91213
1.92047
1.92183
1.91406
1.90899
1.91176
1.90629
1.91106
1.91064
1.90835
1.90313
1.9058
1.90785
1.91355
1.91643
1.91043
1.90764
1.91135
1.91865
1.91844
1.91619
1.90556
1.91185
1.89884
1.89663
1.8938
1.89604
1.90059
1.9045
1.90174
1.90258
1.90199
1.90126
1.89685
1.89562
1.89304
1.89798
1.89338
1.89939
1.89814
1.90372
1.90292
1.90345
1.89511
1.89656
1.89896
1.90356
1.89853
1.89977
1.90369
1.90337
1.90334
1.90735
1.9075
1.91152
1.91702
1.92251
1.92177
1.91972
1.91953
1.92286
1.93283
1.93873
1.94098
1.9379
1.93811
1.94356
1.93835
1.93845
1.94331
1.94187
1.94443
1.94677
1.94683
1.94755
1.95273
1.95674
1.95148
1.95459
1.95448
1.95864
1.95096
1.94448
1.94776
1.95377
1.95676
1.9586
1.95868
1.95852
1.96426
1.96827
1.97723
1.98363
1.98933
2.00363
2.0073
1.99178
1.99243
1.99236
1.96036
1.95732
1.97638
1.97195
1.99009
1.98453
1.97504
1.95765
1.9631
1.93785
1.92057
1.92007
1.92685
1.92203
1.91292
1.94141
1.96665
1.99585
1.98553
1.98978
1.97628
1.97388
1.95532
1.96054
1.97514
1.98427
2.00947
2.00601
1.99555
2.01741
2.02754
2.0326
2.02555
2.02939
2.01612
2.0212
2.01571
2.03196
2.04229
2.03943
2.03172
2.02699
2.03021
2.01261
2.01697
2.01897
2.02495
2.01539
2.02972
2.02313
2.01948
2.02523
2.03113
2.03898
2.04522
2.03793
2.04068
2.04284
2.02862
2.0336
2.0252
2.02318
2.0234
2.02644
2.02885
2.02247
2.00572
2.01228
1.99115
2.00056
2.00804
2.01905
2.01167
2.01686
2.01623
2.01204
2.01694
2.01627
2.02609
2.03248
2.0355
2.0302
2.03389
2.03942
2.03991
2.04164
2.04168
2.04091
2.04614
2.04643
2.05377
2.0483
2.0488
2.04735
2.0493
2.04672
2.03693
2.0451
2.04745
2.05537
2.06331
2.06946
2.07463
2.0852
2.08251
2.09136
2.08384
2.08541
2.09332
2.10844
2.11318
2.12118
2.10855
2.11177
2.07512
2.07306
2.08831
2.08541
2.09612
2.0995
2.0738
2.08302
2.07757
2.07755
2.07893
2.08772
2.07764
2.09264
2.08677
2.08763
2.0773
2.07673
2.07921
2.07732
2.0858
2.084
2.08317
2.0878
2.08342
2.08622
2.08334
2.08131
2.06487
2.0649
2.0524
2.0572
2.05368
2.06265
2.06704
2.06154
2.06779
2.06689
2.07205
2.06105
2.06319
2.06498
2.07822
2.07434
2.06279
2.06737
2.06966
2.0698
2.06953
2.07141
2.07427
2.0637
2.06526
2.06332
2.06668
2.05491
2.05285
2.05939
2.06835
2.07235
2.06718
2.08536
2.08191
2.0437
2.05048
2.04712
2.05387
2.05761
2.05499
2.05086
2.04581
2.04423
2.04569
2.03037
2.0201
2.01719
2.00936
2.00157
2.01856
2.02053
2.02692
2.02274
2.03669
2.03983
2.02711
2.02738
2.02643
2.02118
2.03157
2.03491
2.04033
2.03491
2.03569
2.02832
2.03572
2.03838
2.03431
2.03688
2.04201
2.04171
2.06049
2.06288
2.04767
2.04502
2.02368
2.02707
2.03233
2.02693
2.02894
2.01973
2.02848
2.03836
2.03774
2.03056
2.03181
2.03033
2.0249
2.02975
2.02913
2.03536
2.02847
2.0291
2.01371
2.02437
2.02851
2.0301
2.02959
2.02454
2.02217
2.0141
2.00962
2.00939
2.01013
2.01753
2.01258
2.01026
1.99803
1.98419
1.98677
1.99043
1.98106
1.9757
1.98038
1.97733
1.99505
1.99756
1.99439
1.99318
1.99795
2.00063
2.00764
1.99959
2.00425
2.00404
1.99844
2.00081
1.99982
2.00357
1.99632
1.98575
1.99925
2.00898
2.00705
2.01114
2.00672
2.0154
2.00793
2.00461
2.00965
2.00381
2.01381
2.01918
2.01755
2.01758
2.02612
2.02011
2.01787
2.01749
2.01649
2.02022
2.01578
2.01448
2.02952
2.0216
2.02739
2.04193
2.04881
2.04787
2.05017
2.03946
2.04716
2.05596
2.06449
2.06488
2.06325
2.069
2.06795
2.07175
2.0784
2.07536
2.07901
2.08434
2.07862
2.08394
2.06767
2.08092
2.08194
2.07751
2.07782
2.08164
2.07332
2.07215
2.06937
2.05698
2.04069
2.03677
2.04603
2.04261
2.04175
2.04288
2.04507
2.04456
2.0358
2.03991
2.04533
2.05164
2.05335
2.05632
2.05746
2.05799
2.0572
2.05858
2.07103
2.06747
2.05997
2.06071
2.05993
2.05791
2.06106
2.05895
2.05826
2.05841
2.06012
2.06893
2.06037
2.06182
2.05984
2.06
2.05943
2.04106
2.03047
2.02971
2.04163
2.0407
2.05208
2.05344
2.0531
2.05767
2.05548
2.05687
2.06644
2.06451
2.05778
2.05804
2.07134
2.06641
2.06661
2.06682
2.06281
2.07107
2.05276
2.05196
2.05617
2.05184
2.0552
2.0595
2.05478
2.03337
2.03288
2.04023
2.04626
2.04401
2.03635
2.03426
2.03797
2.03097
2.0279
2.04674
2.04955
2.05177
2.04853
2.05217
2.04978
2.05029
2.04999
2.05747
2.07358
2.07421
2.06129
2.06008
2.06201
2.06961
2.06865
2.07485
2.08089
2.07453
2.07867
2.07798
2.06747
2.07914
2.07664
2.06851
2.07743
2.09127
2.09301
2.09502
2.10413
2.1155
2.11835
2.11749
2.11501
2.12576
2.12188
2.11366
2.10033
2.096
2.0955
2.09586
2.08946
2.08441
2.08532
2.07996
2.08837
2.08677
2.08986
2.09142
2.08371
2.0888
2.09101
2.08363
2.08875
2.09942
2.09565
2.09467
2.09335
2.10207
2.10343
2.10653
2.10394
2.10451
2.11035
2.11876
2.10279
2.11137
2.11275
2.09973
2.10256
2.10246
2.11025
2.11213
2.10686
2.10317
2.10453
2.12075
2.11783
2.11533
2.11904
2.1228
2.10835
2.10111
2.10301
2.10778
2.10529
2.10704
2.104
2.09921
2.10406
2.10763
2.1125
2.10943
2.12757
2.13414
2.12867
2.13556
2.1475
2.14655
2.15218
2.15437
2.15112
2.15362
2.16326
2.17972
2.17437
2.18197
2.20012
2.22434
2.24884
2.21919
2.21158
2.20905
2.20267
2.18585
2.18907
2.19101
2.17875
2.19213
2.18729
2.2039
2.21264
2.21183
2.19541
2.19753
2.19949
2.19577
2.19501
2.20211
2.20124
2.20874
2.21208
2.2208
2.22519
2.2363
2.244
2.23581
2.24418
2.23174
2.23849
2.2295
2.22065
2.20534
2.2106
2.20602
2.21734
2.22469
2.20261
2.20605
2.21414
2.20425
2.21011
2.19644
2.1845
2.19342
2.1797
2.17645
2.18569
2.1763
2.17338
2.19172
2.19001
2.19466
2.19868
2.18864
2.18972
2.18818
2.17707
2.18749
2.20693
2.19149
2.18834
2.19804
2.19746
2.19468
2.21402
2.19086
2.18326
2.19794
2.20835
2.19785
2.20094
2.20767
2.19992
2.19876
2.19677
2.19522
2.19842
2.19701
2.19269
2.16962
2.15906
2.16377
2.16401
2.15824
2.16134
2.16639
2.15277
2.15269
2.1505
2.14969
2.13694
2.15469
2.15455
2.1518
2.1491
2.16673
2.17495
2.1762
2.17916
2.16697
2.17689
2.19323
2.17615
2.19193
2.19498
2.1932
2.18308
2.19073
2.18386
2.18639
2.18165
2.17973
2.17884
2.17848
2.19073
2.18891
2.1918
2.1797
2.18275
2.17353
2.16339
2.15368
2.16775
2.16405
2.18036
2.1738
2.18015
2.18165
2.16866
2.17526
2.15461
2.16017
2.15697
2.1522
2.16095
2.16913
2.14593
2.14529
2.14997
2.17082
2.16815
2.16184
2.1825
2.18932
2.17796
2.18236
2.17875
2.16818
2.16661
2.17303
2.1686
2.1551
2.16057
2.1592
2.14789
2.15055
2.16656
2.15538
2.15751
2.15816
2.14787
2.14513
2.13964
2.15361
2.14596
2.14416
2.17675
2.16488
2.18513
2.1751
2.21084
2.20325
2.19891
2.20437
2.19733
2.18877
2.18435
2.18079
2.19005
2.19119
2.18214
2.17793
2.18199
2.19185
2.19959
2.18616
2.1697
2.17918
2.18897
2.18597
2.18769
2.1843
2.19845
2.18733
2.17132
2.18645
2.18257
2.19679
2.18068
2.17336
2.17456
2.18006
2.17992
2.18697
2.18711
2.18619
2.20011
2.1911
2.21243
2.20399
2.2033
2.20299
2.20569
2.20132
2.19655
2.19805
2.21233
2.20732
2.20856
2.2142
2.21553
2.20534
2.20639
2.20578
2.21024
2.22119
2.19392
2.18097
2.19469
2.20077
2.201
2.19732
2.19681
2.19729
2.19795
2.19074
2.19507
2.19853
2.19638
2.1942
2.19483
2.1872
2.19852
2.19632
2.20276
2.19638
2.21
2.20412
2.18915
2.19789
2.20604
2.2216
2.23474
2.22516
2.23331
2.23557
2.25844
2.25248
2.23123
2.2466
2.24983
2.24231
2.23722
2.24475
2.23583
2.2474
2.24225
2.25395
2.26003
2.25678
2.25359
2.251
2.26082
2.26386
2.27042
2.2531
2.25576
2.26308
2.25555
2.26141
2.25221
2.25349
2.2553
2.25327
2.24851
2.24937
2.25247
2.27452
2.27821
2.27939
2.26716
2.26859
2.27657
2.27809
2.26697
2.26971
2.27713
2.26668
2.26501
2.2584
2.27031
2.26568
2.26958
2.26462
2.25794
2.26477
2.27228
2.26987
2.27642
2.26019
2.27109
2.27086
2.26203
2.27171
2.26625
2.26709
2.25835
2.25949
2.26321
2.25832
2.25255
2.24975
2.23914
2.24524
2.25087
2.24674
2.2431
2.24474
2.25326
2.25266
2.25044
2.24925
2.25345
2.24778
2.24807
2.25859
2.25163
2.24638
2.24672
2.25607
2.25865
2.25775
2.25709
2.25893
2.26567
2.27134
2.25721
2.26335
2.26586
2.26367
2.26094
2.263
2.26339
2.25621
2.2557
2.25378
2.25259
2.25478
2.25445
2.25561
2.25119
2.25336
2.25216
2.25032
2.2556
2.26616
2.26221
2.26516
2.26876
2.2745
2.27576
2.27038
2.27202
2.27108
2.27061
2.27218
2.27327
2.27291
2.26562
2.26469
2.2668
2.27881
2.27881
2.27576
2.2774
2.27457
2.27496
2.27032
2.26872
2.25739
2.2586
2.24595
2.23769
2.24143
2.24032
2.23593
2.23964
2.25634
2.2534
2.2592
2.25773
2.2904
2.28872
2.28909
2.30262
2.31687
2.31935
2.31556
2.3112
2.31933
2.3218
2.3329
2.32469
2.31471
2.31624
2.31889
2.32004
2.30555
2.30341
2.2961
2.30028
2.29261
2.29679
2.30485
2.29304
2.30759
2.30595
2.30018
2.30508
2.30271
2.31143
2.31665
2.32668
2.32284
2.32241
2.34612
2.32396
2.32406
2.32938
2.33294
2.31143
2.30244
2.30461
2.32393
2.31954
2.30384
2.31361
2.32015
2.31675
2.32375
2.32256
2.32877
2.3328
2.32488
2.32568
2.32524
2.32354
2.32809
2.33086
2.32409
2.32363
2.32166
2.32442
2.32976
2.32445
2.32165
2.32864
2.32991
2.32574
2.32949
2.32453
2.32707
2.32778
2.33581
2.33708
2.33535
2.34531
2.33317
2.33887
