total,daily,loss
48.8157,0.0155966,-nan
528.919,0.0456597,-nan
120.695,0.0230692,-nan
121.843,0.0232796,-nan
209.338,0.0293844,-nan
159.826,0.0264159,-nan
24.5022,0.00988502,-nan
172.837,0.0273309,-nan
265.18,0.0334269,-nan
385.401,0.0386551,-nan
129.679,0.0223416,-nan
424.684,0.0402372,-nan
125.061,0.0216049,-nan
153.311,0.0237938,-nan
140.039,0.0219249,-nan
89.0998,0.016719,-nan
111.804,0.0188974,-nan
186.89,0.0254206,-nan
102.02,0.017941,-nan
161.758,0.0229298,-nan
103.644,0.017459,-nan
97.0536,0.0166696,0.0311701
160.489,0.0225055,0.0298681
170.679,0.0233727,0.025027
159.284,0.0224049,0.0496309
152.509,0.021905,0.0962891
158.788,0.0223934,0.141657
159.533,0.0224501,0.193451
137.296,0.020554,0.24935
171.707,0.023482,0.290517
165.735,0.0230285,0.343312
141.972,0.0210338,0.393262
164.145,0.0228798,0.428493
154.865,0.0221182,0.479496
154.997,0.0221516,0.519658
165.107,0.0229984,0.568181
165.047,0.0230628,0.614041
136.37,0.0206036,0.655061
152.228,0.0219831,0.707131
144.849,0.0213526,0.748466
183.89,0.024509,0.798348
152.656,0.0220304,0.830078
136.815,0.0207453,0.878823
170.453,0.023507,0.929841
181.166,0.0243235,0.985567
190.016,0.0250406,1.02302
137.752,0.0208403,1.06407
128.34,0.0200631,1.10446
138.149,0.0208451,1.14301
157.189,0.022521,1.18108
160.789,0.0228494,1.22264
160.939,0.0228422,1.26579
186.16,0.02484,1.29623
164.915,0.0231825,1.32198
185.361,0.0250894,1.34706
179.185,0.0243993,1.37226
150.059,0.0220151,1.39842
149.089,0.0219382,1.41996
149.989,0.0220396,1.44827
186.407,0.0250038,1.47514
169.474,0.0237524,1.48386
187.539,0.0251581,1.51072
173.925,0.0242248,1.53476
180.833,0.0248339,1.55006
179.308,0.0247374,1.56615
161.193,0.0232873,1.58588
153.186,0.022645,1.60243
153.986,0.0227556,1.63292
204.49,0.0266855,1.67424
170.147,0.0241522,1.70351
189.762,0.0255947,1.73521
157.523,0.0230237,1.75126
161.399,0.023339,1.78064
153.814,0.0226522,1.81349
174.223,0.0242956,1.83546
121.759,0.0197398,1.8585
181.676,0.0247655,1.88453
151.794,0.0224308,1.88184
159.785,0.0231813,1.90423
163.149,0.0235305,1.93013
186.979,0.0253626,1.92247
165.987,0.0237281,1.92429
152.057,0.0225517,1.94126
142.413,0.0216712,1.95538
172.617,0.0242032,1.94949
160.904,0.0233206,1.95687
156.858,0.0230601,1.96856
157.611,0.023195,1.97093
203.5,0.0267952,1.98845
174.279,0.024629,1.99368
167.407,0.0241353,2.01052
193.42,0.026176,2.02113
165.82,0.024075,2.03522
169.801,0.0245019,2.05742
161.049,0.024056,2.06472
166.34,0.0243967,2.0793
163.856,0.0241695,2.09643
156.066,0.0235991,2.09526
165.324,0.0244568,2.10319
159.754,0.0241646,2.11886
