value
1.00496
1.01521
1.01805
1.01706
1.02608
1.02252
1.02058
1.03232
1.02962
1.03605
1.02967
1.03002
1.03173
1.03503
1.0445
1.04174
1.0468
1.05152
1.05148
1.04633
1.0288
1.03397
1.04528
1.04763
1.05914
1.06039
1.05946
1.04784
1.04751
1.03628
1.03679
1.04963
1.04805
1.03306
1.04086
1.03045
1.02885
1.02587
1.04003
1.04686
1.05886
1.06568
1.07041
1.06965
1.0796
1.07391
1.07321
1.08047
1.08601
1.08654
1.09448
1.09466
1.10189
1.09138
1.0967
1.09988
1.10931
1.10618
1.10283
1.10181
1.10703
1.09337
1.07882
1.09028
1.09483
1.10641
1.08614
1.0767
1.07497
1.07777
1.07063
1.06993
1.05894
1.07897
1.06806
1.07333
1.07827
1.0526
1.06986
1.07776
1.08416
1.09989
1.10194
1.09452
1.09081
1.09449
1.10162
1.10767
1.11004
1.11608
1.10319
1.11494
1.11807
1.11942
1.11782
1.10808
1.12676
1.12817
1.11997
1.12213
1.12091
1.1357
1.13342
1.13259
1.14437
1.14445
1.1453
1.14686
1.15036
1.15313
1.15028
1.144
1.14163
1.14557
1.14624
1.15719
1.15724
1.16378
1.16613
1.17284
1.17157
1.17071
1.18946
1.19026
1.18526
1.18349
1.19919
1.18684
1.18818
1.18145
1.19153
1.17711
1.1688
1.17991
1.15281
1.16253
1.17858
1.18551
1.19375
1.20675
1.20307
1.2035
1.19656
1.19006
1.17677
1.18721
1.16778
1.17191
1.17558
1.17938
1.15865
1.17564
1.16388
1.17243
1.17342
1.17917
1.18215
1.18338
1.19141
1.19536
1.18256
1.19362
1.18621
1.17397
1.17086
1.15233
1.15853
1.15624
1.16435
1.17025
1.17557
1.17574
1.17332
1.16341
1.16858
1.17396
1.17188
1.17062
1.17178
1.18193
1.17559
1.18325
1.18166
1.19428
1.19958
1.20694
1.21043
1.21229
1.20553
1.20707
1.19326
1.19805
1.20662
1.21409
1.22412
1.22709
1.22384
1.23072
1.21829
1.22053
1.23361
1.22572
1.21829
1.22701
1.23338
1.23213
1.23869
1.24727
1.24913
1.24682
1.24999
1.24218
1.22942
1.221
1.21781
1.20374
1.20198
1.2073
1.18523
1.1894
1.18273
1.18657
1.1941
1.17087
1.17805
1.17705
1.18319
1.16742
1.16437
1.15532
1.13004
1.1352
1.1301
1.10733
1.12272
1.14427
1.14123
1.1295
1.12513
1.13668
1.1295
1.13095
1.13126
1.12777
1.13582
1.1606
1.17038
1.17813
1.16181
1.16348
1.15909
1.16733
1.17266
1.17147
1.16181
1.14517
1.14997
1.14582
1.16558
1.15537
1.14967
1.16529
1.16675
1.16541
1.17758
1.1827
1.17935
1.16771
1.1811
1.17845
1.1829
1.17976
1.1813
1.18241
1.17871
1.17065
1.17022
1.16516
1.18367
1.18612
1.18981
1.18576
1.18962
1.18206
1.17946
1.18322
1.18411
1.1765
1.1874
1.1925
1.19879
1.20248
1.19361
1.18779
1.19089
1.17399
1.18298
1.1805
1.18101
1.18739
1.1928
1.19059
1.19835
1.19271
1.18677
1.19859
1.18203
1.19854
1.20384
1.18932
1.19608
1.17999
1.19693
1.20505
1.19788
1.18317
1.18305
1.17908
1.18879
1.19375
1.19787
1.19211
1.19415
1.19278
1.19493
1.19613
1.19488
1.19972
1.20142
1.19527
1.19501
1.20053
1.20214
1.20729
1.20955
1.21385
1.21136
1.21123
1.21786
1.21951
1.22503
1.23005
1.22968
1.22753
1.22392
1.22205
1.22604
1.23139
1.23078
1.22252
1.22338
1.23274
1.23417
1.23281
1.23832
1.23756
1.22829
1.22386
1.21104
1.21516
1.20973
1.21603
1.23056
1.23094
1.22833
1.22689
1.22276
1.23223
1.22969
1.22435
1.2368
1.23254
1.23284
1.22273
1.2201
1.20261
1.20387
1.1991
1.19718
1.20152
1.21617
1.21729
1.2126
1.20818
1.21149
1.2066
1.21331
1.22876
1.21114
1.21344
1.20566
1.21381
1.21114
1.22795
1.23503
1.23604
1.24224
1.2398
1.23856
1.23668
1.2357
1.24332
1.25393
1.25355
1.25919
1.2469
1.26536
1.2544
1.26868
1.26792
1.22768
1.24062
1.2202
1.21158
1.20459
1.24223
1.23598
1.24999
1.24425
1.25582
1.23525
1.24542
1.24595
1.24517
1.25648
1.25603
1.26953
1.26046
1.25853
1.25916
1.25372
1.25047
1.26213
1.26016
1.26721
1.27762
1.27873
1.27989
1.28446
1.28319
1.28097
1.29464
1.29501
1.30009
1.29368
1.29381
1.29123
1.30265
1.29931
1.30171
1.30453
1.30138
1.2966
1.29243
1.28099
1.30885
1.314
1.31175
1.31885
1.31704
1.32694
1.31196
1.32808
1.32042
1.31766
1.32844
1.306
1.32383
1.32671
1.33222
1.33252
1.32012
1.33116
1.33333
1.33837
1.34642
1.35706
1.36778
1.36173
1.35557
1.34766
1.36027
1.35484
1.3474
1.36057
1.37477
1.37962
1.38523
1.38546
1.37547
1.38206
1.36493
1.36681
1.35915
1.36088
1.36729
1.36111
1.37886
1.38488
1.3949
1.40771
1.41443
1.40541
1.41269
1.43148
1.44184
1.4341
1.43367
1.42601
1.43353
1.43877
1.45381
1.43905
1.44742
1.41548
1.40625
1.42995
1.42468
1.41517
1.4088
1.38895
1.41165
1.41378
1.43056
1.3971
1.39406
1.39466
1.37888
1.35748
1.33919
1.366
1.36429
1.36129
1.38789
1.38847
1.4024
1.38857
1.37648
1.41496
1.4074
1.42556
1.43306
1.41884
1.43318
1.41756
1.42684
1.41844
1.43065
1.43089
1.43027
1.45064
1.46191
1.45281
1.46126
1.46756
1.45967
1.46889
1.47583
1.46556
1.49341
1.5029
1.48227
1.49568
1.50498
1.49591
1.5052
1.50754
1.50699
1.50676
1.4934
1.47382
1.48532
1.49398
1.46626
1.4615
1.4783
1.47134
1.49302
1.52434
1.53414
1.51403
1.53627
1.50737
1.51321
1.49789
1.53877
1.51152
1.49806
1.48927
1.45645
1.50123
1.50013
1.47918
1.483
1.45111
1.45793
1.42357
1.4346
1.4595
1.47813
1.46508
1.47024
1.47256
1.47064
1.50074
1.50668
1.49227
1.48514
1.4606
1.48906
1.47137
1.45469
1.42439
1.46022
1.45386
1.47265
1.47893
1.47509
1.47106
1.47847
1.46801
1.45464
1.46408
1.44046
1.44586
1.44123
1.45513
1.46495
1.43727
1.44389
1.41409
1.39813
1.40016
1.41581
1.40101
1.40142
1.40705
1.40565
1.40234
1.40163
1.37997
1.40375
1.41532
1.42006
1.39191
1.38181
1.39043
1.40067
1.40561
1.40749
1.40547
1.41053
1.40853
1.42333
1.41839
1.4146
1.42144
1.43172
1.43136
1.43723
1.43595
1.41302
1.41672
1.40934
1.42187
1.40539
1.39737
1.38706
1.41704
1.40383
1.38809
1.36724
1.35002
1.38691
1.3677
1.3883
1.40942
1.40658
1.40939
1.40684
1.4109
1.41733
1.43742
1.44706
1.44899
1.4553
1.44414
1.44132
1.44975
1.44184
1.44241
1.43871
1.45214
1.44163
1.45098
1.45793
1.44494
1.46253
1.45945
1.46759
1.46689
1.45674
1.46531
1.47829
1.47666
1.48183
1.4607
1.46812
1.45174
1.46021
1.4596
1.46208
1.48577
1.48947
1.48521
1.47152
1.45935
1.46266
1.4528
1.46021
1.45077
1.45833
1.46788
1.45913
1.44982
1.45238
1.46083
1.44467
1.44557
1.42476
1.4229
1.41542
1.42521
1.42445
1.42126
1.42595
1.42727
1.40784
1.40139
1.40004
1.40543
1.40167
1.39918
1.3967
1.37011
1.37511
1.36358
1.36055
1.33826
1.35382
1.35785
1.35924
1.34326
1.35709
1.35173
1.34728
1.36249
1.36811
1.38116
1.37911
1.37986
1.36583
1.37627
1.37382
1.36636
1.32002
1.32431
1.31853
1.30912
1.27894
1.27873
1.27026
1.27983
1.30437
1.28921
1.30513
1.29929
1.31571
1.28905
1.28895
1.26527
1.32588
1.35289
1.31511
1.3217
1.33302
1.35128
1.33157
1.28092
1.31774
1.30564
1.27564
1.27391
1.24542
1.23844
1.21818
1.19619
1.19447
1.27941
1.26244
1.20767
1.23766
1.19597
1.21863
1.16846
1.15062
1.13259
1.09395
1.09259
1.16605
1.14311
1.19835
1.18557
1.19214
1.23036
1.19382
1.14892
1.20109
1.19506
1.17134
1.14493
1.19959
1.16083
1.15049
1.14546
1.09628
1.06356
1.1557
1.16112
1.13528
1.17829
1.19048
1.13494
1.17689
1.17669
1.15516
1.17547
1.21406
1.20889
1.23935
1.23349
1.23309
1.22998
1.26801
1.26018
1.24791
1.25737
1.25389
1.23786
1.25134
1.25495
1.24934
1.23516
1.23514
1.27817
1.27245
1.28524
1.28168
1.28867
1.25968
1.23069
1.25098
1.23782
1.23186
1.23564
1.20508
1.22911
1.21267
1.20843
1.21519
1.22935
1.26954
1.2459
1.24216
1.24257
1.26807
1.27385
1.28517
1.29769
1.28616
1.25207
1.27177
1.26555
1.26485
1.22426
1.22316
1.21582
1.18809
1.19332
1.21013
1.19408
1.18332
1.17613
1.14058
1.15318
1.19814
1.18123
1.1933
1.18954
1.23434
1.23137
1.25799
1.24699
1.25034
1.27282
1.29235
1.28199
1.27311
1.32365
1.30948
1.31594
1.33389
1.31867
1.28661
1.30523
1.33436
1.35903
1.362
1.34233
1.33729
1.34179
1.37254
1.36669
1.3637
1.37251
1.37321
1.3685
1.33739
1.37598
1.37491
1.38585
1.39267
1.37107
1.35366
1.3928
1.38879
1.39295
1.43258
1.4294
1.42884
1.40269
1.4268
1.41254
1.41729
1.39846
1.40909
1.39991
1.43119
1.43042
1.43732
1.41381
1.41747
1.4128
1.38656
1.41905
1.42578
1.4461
1.42575
1.40911
1.41962
1.41245
1.40159
1.40142
1.41816
1.4282
1.42557
1.40527
1.40333
1.40241
1.40013
1.40307
1.39007
1.39358
1.39687
1.41873
1.41611
1.41815
1.40964
1.42656
1.41392
1.43094
1.42892
1.4268
1.4324
1.432
1.42459
1.42479
1.45458
1.45612
1.45735
1.47298
1.47866
1.48298
1.49239
1.48695
1.49189
1.48941
1.4854
1.49841
1.50676
1.51703
1.51403
1.50949
1.50601
1.51852
1.50581
1.4987
1.50341
1.5115
1.51111
1.48015
1.49522
1.50393
1.5178
1.52762
1.52584
1.53322
1.53325
1.52781
1.52286
1.52203
1.52702
1.54185
1.54974
1.54954
1.54983
1.55136
1.56636
1.57152
1.5624
1.57046
1.59605
1.58339
1.58581
1.58789
1.60666
1.59792
1.58322
1.57341
1.58725
1.58296
1.59374
1.55934
1.56515
1.57117
1.57567
1.56568
1.57849
1.58538
1.58658
1.58178
1.60012
1.59767
1.57341
1.59512
1.5889
1.58176
1.57815
1.57764
1.5768
1.57319
1.54087
1.56691
1.53605
1.54129
1.53891
1.55404
1.55733
1.56024
1.57853
1.57235
1.57856
1.56234
1.56861
1.58811
1.58479
1.58978
1.58672
1.59189
1.60423
1.59378
1.6006
1.56903
1.57158
1.58305
1.59785
1.60275
1.60705
1.60634
1.59592
1.60402
1.6101
1.61054
1.61283
1.61081
1.61681
1.58864
1.58921
1.59579
1.5941
1.60106
1.60133
1.61138
1.60652
1.60814
1.60276
1.62168
1.62748
1.63368
1.62076
1.62644
1.63186
1.62126
1.62078
1.62732
1.62188
1.64039
1.62606
1.62188
1.60771
1.60302
1.60082
1.59597
1.58706
1.57719
1.59907
1.60029
1.59132
1.56005
1.56038
1.55818
1.57251
1.57041
1.58702
1.57951
1.59532
1.60464
1.61189
1.59333
1.60057
1.59129
1.59586
1.5849
1.58929
1.59271
1.59955
1.605
1.60154
1.62016
1.61956
1.62155
1.62412
1.62089
1.61414
1.61244
1.62009
1.62982
1.6259
1.62642
1.6233
1.63237
1.62134
1.62458
1.6195
1.63181
1.63209
1.6362
1.65685
1.66722
1.66308
1.65963
1.66597
1.66324
1.65293
1.65573
1.66914
1.66853
1.65418
1.64831
1.65938
1.66549
1.66767
1.67124
1.66874
1.6554
1.66227
1.67286
1.66576
1.66754
1.63834
1.62531
1.61241
1.61649
1.65926
1.65028
1.65317
1.64193
1.64315
1.62701
1.62515
1.59799
1.57793
1.59545
1.58776
1.58685
1.591
1.62567
1.60521
1.60393
1.62601
1.62545
1.61326
1.61669
1.62921
1.62684
1.63663
1.64195
1.64916
1.67039
1.66425
1.66405
1.67566
1.67934
1.66784
1.66675
1.66673
1.67759
1.67235
1.64336
1.64243
1.63926
1.63209
1.64843
1.65632
1.65772
1.67088
1.67363
1.68372
1.6773
1.68541
1.65736
1.67127
1.68369
1.67829
1.69037
1.69295
1.70202
1.69306
1.69066
1.6903
1.69389
1.71328
1.71792
1.71844
1.7139
1.71608
1.71629
1.70742
1.67616
1.68624
1.69541
1.69698
1.713
1.7111
1.71321
1.70807
1.70622
1.6986
1.69158
1.68801
1.69439
1.69704
1.69627
1.72796
1.7221
1.72516
1.71665
1.72692
1.72773
1.73349
1.74555
1.74642
1.74942
1.73847
1.74315
1.75768
1.76424
1.7595
1.75492
1.76674
1.76794
1.77085
1.77337
1.77562
1.79173
1.79022
1.7999
1.8182
1.80333
1.80703
1.78843
1.77742
1.80166
1.80518
1.8034
1.81186
1.75826
1.7862
1.77844
1.79488
1.80666
1.8004
1.78439
1.80043
1.79259
1.79922
1.80941
1.82029
1.83833
1.83377
1.83056
1.82811
1.8436
1.83198
1.80142
1.80351
1.78946
1.78957
1.8229
1.82228
1.8243
1.77974
1.82528
1.78322
1.79407
1.80482
1.82789
1.83708
1.8509
1.84299
1.84034
1.83274
1.84919
1.84525
1.85598
1.85888
1.83958
1.85997
1.85526
1.85778
1.86946
1.87309
1.86592
1.84843
1.86652
1.88157
1.89164
1.89244
1.89582
1.89563
1.89141
1.8898
1.89358
1.88173
1.89139
1.90763
1.88874
1.89823
1.89868
1.89728
1.88905
1.86356
1.88312
1.88299
1.89806
1.89664
1.87497
1.87842
1.9049
1.89662
1.8967
1.90008
1.89614
1.88555
1.86879
1.85432
1.85638
1.86387
1.86464
1.86185
1.86139
1.8705
1.8462
1.8491
1.84805
1.86157
1.85422
1.84309
1.85373
1.86767
1.87632
1.86044
1.87364
1.87443
1.84706
1.85475
1.86257
1.8484
1.84101
1.86474
1.87389
1.88495
1.88176
1.88668
1.90165
1.90843
1.9021
1.91142
1.92743
1.92734
1.94615
1.93509
1.9394
1.94163
1.93104
1.93338
1.92019
1.90931
1.93287
1.94316
1.93495
1.94705
1.97396
1.9809
1.98306
1.986
1.98646
1.98333
1.99453
2.0013
1.98254
1.96632
1.95536
1.96741
1.97037
1.96719
1.95475
1.9527
1.93801
1.93705
1.93777
1.94089
1.94519
1.93868
1.91037
1.92053
1.91916
1.94512
1.95569
1.96653
1.9543
1.95964
1.95423
1.94182
1.95105
1.93814
1.94244
1.91799
1.91333
1.93983
1.92541
1.91847
1.91976
1.91433
1.93217
1.92665
1.92398
1.92281
1.92889
1.93745
1.94638
1.94703
1.95902
1.96564
1.97443
1.98922
1.98481
1.96329
1.948
1.97149
1.95421
1.96491
1.95196
1.966
1.97442
1.97127
1.97669
1.95858
1.97693
1.96215
1.96861
1.96675
1.97387
1.94496
1.9379
1.88187
1.88265
1.80343
1.85498
1.80073
1.85679
1.84144
1.84921
1.84831
1.87447
1.82046
1.79622
1.79666
1.8376
1.8173
1.80046
1.83736
1.86556
1.86697
1.89101
1.87872
1.86008
1.85264
1.88576
1.86142
1.82675
1.82419
1.82521
1.81918
1.84019
1.86036
1.8271
1.84541
1.81041
1.7406
1.75454
1.75627
1.80243
1.76002
1.78842
1.75251
1.73842
1.76228
1.75358
1.7935
1.78644
1.8181
1.81624
1.84307
1.8311
1.85019
1.83013
1.84993
1.84472
1.81587
1.84099
1.88813
1.86833
1.87246
1.92566
1.90615
1.87475
1.87084
1.89579
1.89655
1.90821
1.90468
1.90854
1.85916
1.85851
1.88893
1.88283
1.8851
1.86545
1.84985
1.85555
1.82522
1.84481
1.81172
1.81023
1.85522
1.85649
1.9141
1.91236
1.90041
1.90965
1.90256
1.90363
1.87317
1.88443
1.86054
1.84054
1.83577
1.83359
1.84296
1.80569
1.8568
1.85542
1.86081
1.86826
1.84321
1.83936
1.8516
1.85484
1.89129
1.88323
1.87455
1.85787
1.86047
1.8775
1.87022
1.88077
1.8799
1.89948
1.91038
1.9213
1.92878
1.94633
1.93907
1.95354
1.9418
1.95475
1.93655
1.948
1.95955
1.9666
1.96628
1.95366
1.96249
1.9678
1.96705
1.94618
1.96434
1.95806
1.97028
1.96875
1.97593
1.97159
1.9743
1.9684
1.97926
1.96403
1.97592
1.98163
1.9859
1.98137
1.95815
1.9417
1.95649
1.97773
1.97451
1.96213
1.9905
1.97226
1.98877
1.98129
1.98453
1.96788
1.97004
1.96128
1.9713
1.97411
1.9823
1.97328
1.97293
1.97801
1.99159
1.99043
1.97235
1.98373
1.96975
1.94861
1.96647
1.98339
1.97228
1.96246
1.97735
1.9701
1.96914
1.96515
1.95147
1.95591
1.96449
1.97291
1.97599
1.97715
1.98009
1.98265
1.97666
1.96125
1.95735
1.9558
1.94258
1.94612
1.92872
1.91906
1.9093
1.88046
1.87995
1.86783
1.88966
1.88376
1.87799
1.87739
1.87622
1.90028
1.88628
1.895
1.88411
1.88405
1.88145
1.90237
1.9111
1.89975
1.87776
1.91643
1.91221
1.92041
1.92486
1.91524
1.94103
1.93338
1.90461
1.89873
1.87834
1.88199
1.88607
1.87865
1.92137
1.89368
1.92682
1.9196
1.89488
1.88724
1.88601
1.88693
1.86834
1.895
1.87561
1.89809
1.88928
1.89966
1.8899
1.87162
1.87322
1.87868
1.89769
1.93202
1.91293
1.93958
1.93871
1.91644
1.94003
1.93225
1.94807
1.95063
1.96725
1.9764
1.95449
1.96831
1.96228
1.97158
1.96506
1.97025
1.96558
1.96654
1.96086
1.96399
1.94337
1.95611
1.95976
1.94526
1.95831
1.95016
1.93727
1.95778
1.98244
1.95001
1.97395
1.98169
2.01142
2.02637
2.00865
2.01146
2.01647
2.00543
2.00772
2.00887
1.99349
1.99034
2.01248
2.00273
2.00348
2.00202
2.00498
2.01209
2.01108
1.98754
1.98778
1.97289
1.97829
1.97018
1.97685
1.98824
1.99127
1.98865
1.96516
1.97746
1.95103
1.94943
1.969
1.95933
1.9608
1.96651
1.96022
1.96569
1.97858
1.96696
1.95541
1.95912
1.94652
1.95658
1.9482
1.94742
1.94696
1.97335
1.9734
1.96742
1.98529
1.96685
1.98392
1.99044
1.99554
1.99204
1.97643
1.99065
1.99623
2.00387
2.00956
2.01635
2.02041
2.01828
2.01863
2.02003
2.00725
2.02333
2.02439
2.02072
2.01422
2.01371
2.00991
2.0152
2.02304
2.0151
2.05368
2.03554
2.03079
2.00334
2.0198
2.02033
2.0293
2.02294
1.99841
2.01683
2.01258
2.02122
2.01744
2.02053
2.01005
2.00059
1.98228
1.97589
1.99866
1.99078
1.99106
1.99152
1.97129
1.98671
1.98182
1.9804
1.99465
1.98676
1.99876
2.00555
2.00682
2.00185
2.00308
2.00376
2.00199
2.0139
1.97979
2.00921
2.02192
2.00969
2.01268
1.9922
2.01992
2.0116
2.00484
2.0009
1.98832
1.99148
1.98983
1.99202
1.98552
1.99523
1.9861
1.98146
1.97254
1.9805
1.97501
2.00097
2.00231
2.00149
1.98123
1.97009
1.97927
1.96397
1.956
1.95657
1.96764
1.97736
1.97455
1.93593
1.90258
1.93799
1.92105
1.91475
1.91243
1.92441
1.93617
1.94368
1.95924
1.94983
1.95663
1.97111
1.96007
1.96556
1.97128
1.94983
1.96221
1.96493
1.94648
1.93828
1.92869
1.9566
1.94825
1.95948
1.95547
1.95247
1.96162
1.94754
1.94679
1.94908
1.94981
1.95735
1.96953
1.95341
1.96274
1.95691
1.94828
1.95124
1.93253
1.91287
1.90191
1.89519
1.91686
1.90745
1.9093
1.91126
1.88557
1.83986
1.84554
1.8305
1.84574
1.83402
1.86215
1.86977
1.87015
1.86259
1.85319
1.83613
1.8433
1.85797
1.85195
1.89955
1.88339
1.8915
1.88914
1.89362
1.8852
1.89453
1.90132
1.90825
1.90001
1.9094
1.91618
1.89167
1.90757
1.90476
1.91452
1.91821
1.91435
1.89949
1.89004
1.90236
1.89651
1.90127
1.90847
1.9165
1.91231
1.91767
1.90751
1.90815
1.88655
1.89246
1.91009
1.90933
1.90224
1.91561
1.92968
1.92851
1.93034
1.94881
1.9417
1.96287
1.97115
1.96985
1.97534
1.96188
1.96183
1.96738
1.96455
2.01065
2.00475
1.97654
1.97673
1.97668
1.97102
1.97887
1.97735
1.96814
1.9731
1.97838
1.9775
1.97642
1.97293
1.97372
1.97349
1.98589
1.98701
1.9878
1.9905
1.99506
2.01209
2.01159
1.99557
2.01931
2.0018
2.00546
2.0075
2.01211
2.01525
2.01237
1.99219
1.99646
1.98237
1.98329
1.98945
1.97096
1.96772
1.95014
1.96588
1.96197
1.97013
1.99054
1.973
1.98921
1.97299
1.96894
1.97533
1.97343
1.97963
1.98445
1.99576
1.97423
1.96725
1.96407
1.95793
1.96963
1.97284
1.9735
1.95513
1.94762
1.95139
1.96354
1.95637
1.96735
1.94955
1.95753
1.96779
1.96536
1.96234
1.97891
1.97583
1.98527
1.95171
1.94792
1.94603
1.95686
1.95363
1.94926
1.95363
1.95269
1.95338
1.95131
1.95517
1.95282
1.95196
1.95577
1.94461
1.92812
1.93569
1.94664
1.944
1.94044
1.94973
1.93222
1.93915
1.94006
1.94849
1.95545
1.95205
1.96489
1.96556
1.96002
1.97841
1.96725
1.95902
1.9609
1.97016
1.97781
1.97907
1.98566
1.99212
1.9886
1.98567
1.98908
1.98803
1.99903
1.98757
1.977
1.97375
1.97164
1.96086
1.96062
1.97487
1.97584
1.95356
1.94711
1.95634
1.9615
1.96483
1.97772
1.98786
1.98529
1.98915
1.99787
1.99544
1.99608
1.99959
1.99549
2.01422
2.02166
2.00823
2.01174
2.01368
2.00328
2.01641
2.00792
2.00994
2.00969
2.00396
2.00622
1.9921
1.99823
1.999
1.98861
1.99509
1.99419
1.99278
1.99559
1.9866
1.9902
1.98756
2.00044
2.01086
2.01936
2.01695
2.02746
2.01435
2.01956
2.02603
2.03029
2.02697
2.01432
2.02558
2.02702
2.01354
2.01253
2.015
2.01306
2.01935
2.02092
2.01873
2.02314
2.01985
2.01838
2.00838
2.00924
2.0112
2.01887
2.01701
2.00541
2.01047
2.01919
2.019
2.02333
2.02275
2.02382
2.02759
2.02924
2.02876
2.01939
2.01709
2.02082
2.0162
2.01052
2.01596
2.01355
2.02327
2.02287
2.03031
2.03089
2.03905
2.03352
2.02888
2.03768
2.04617
2.05612
2.05918
2.04033
2.05615
2.05859
2.04188
2.0375
2.03808
2.0432
2.04498
2.04278
2.04775
2.05844
2.04969
2.04975
2.05169
2.0439
2.03334
2.03956
2.04048
2.04961
2.04825
2.04789
2.04466
2.02397
2.02622
2.02507
2.02332
2.01389
2.00214
2.0097
2.00439
2.00401
1.986
2.01423
2.00825
2.00029
2.00443
1.97839
1.98816
1.99497
1.98121
1.98421
1.96411
1.97104
1.95262
1.95322
1.95083
1.95237
1.95118
1.95907
1.9486
1.92522
1.92935
1.94073
1.94078
1.93486
1.93259
1.94816
1.94652
1.94125
1.93902
1.94173
1.94473
1.94935
1.95275
1.96076
1.94542
1.92848
1.94256
1.92235
1.93171
1.94415
1.93177
1.94103
1.94749
1.94431
1.94305
1.9438
1.95268
1.93726
1.94434
1.95729
1.95757
1.95839
1.96773
1.94983
1.94365
1.94985
1.95384
1.96415
1.95267
1.96138
1.96842
1.95145
1.94182
1.93164
1.93613
1.94864
1.93092
1.93765
1.94051
1.94751
1.93481
1.94321
1.94942
1.94777
1.94044
1.93778
1.93094
1.93436
1.93479
1.939
1.95293
1.96266
1.9599
1.96685
1.96063
1.97206
1.96709
1.97188
1.98232
1.9897
1.99228
1.99099
1.98736
1.98468
1.98177
1.97639
1.98993
1.99093
1.99314
1.98641
1.96313
1.9689
1.95945
1.94929
1.96179
1.96518
1.95767
1.96459
1.95945
1.96643
1.9653
1.97284
1.98033
1.97314
1.97302
1.97461
1.97701
1.97073
1.97377
1.96197
1.96225
1.94454
1.95281
1.96264
1.94654
1.96732
1.98648
2.00803
1.98529
2.00242
2.002
2.00153
1.99493
1.9854
1.98818
1.99005
1.9873
1.99474
1.99836
2.00812
1.99727
2.008
2.0017
2.02119
2.01683
2.03744
2.03884
2.05058
2.03811
2.0465
2.04169
2.0446
2.06196
2.05471
2.05417
2.05207
2.03427
2.02526
2.02727
2.03591
2.02803
2.01764
2.00698
2.02111
2.00284
2.01081
2.01736
2.02947
2.0213
2.01022
2.01277
2.02213
2.0187
2.02046
2.00636
1.9981
1.99706
1.9965
1.98881
1.98599
1.97245
1.96599
1.95903
1.9668
1.96063
1.97021
1.96136
1.95349
1.95071
1.94821
1.95758
1.96462
1.95964
1.96556
1.96826
1.96389
1.96139
1.95646
1.95056
1.95168
1.95903
1.96359
1.93702
1.93036
1.91473
1.92516
1.92967
1.9284
1.92485
1.92304
1.93367
1.92433
1.91333
1.92031
1.90526
1.90233
1.89313
1.90281
1.91175
1.91364
1.89525
1.90917
1.8929
1.90166
1.89457
1.89059
1.88643
1.89664
1.87036
1.88526
1.88204
1.88559
1.87591
1.87321
1.87416
1.85935
1.84483
1.83436
1.84305
1.85989
1.87541
1.86993
1.87019
1.85794
1.86738
1.86511
1.84918
1.87336
1.87701
1.88504
1.88152
1.87512
1.88252
1.91232
1.91129
1.90289
1.89365
1.88721
1.88414
1.88978
1.88681
1.87166
1.8711
1.8995
1.90758
1.91767
1.92852
1.92326
1.94587
1.94882
1.95649
1.95298
1.94251
1.95916
1.97433
1.96094
1.95905
1.96342
1.95622
1.97334
1.96723
1.97027
1.9628
1.95521
1.9556
1.96228
1.97389
1.98095
1.96239
1.9635
1.94372
1.93372
1.9301
1.93345
1.92265
1.9098
1.92355
1.91606
1.9255
1.939
1.93627
1.93324
1.94749
1.94046
1.93535
1.93153
1.94977
1.92905
1.92218
1.9242
1.90913
1.90807
1.90753
1.91116
1.89772
1.90563
1.91526
1.9317
1.908
1.92168
1.93473
1.93704
1.93993
1.93753
1.92485
1.92355
1.91636
1.91483
1.90076
1.91262
1.90256
1.89978
1.89384
1.90614
1.90238
1.90537
1.91144
1.88076
1.90325
1.88185
1.89257
1.91154
1.89939
1.90963
1.90435
1.917
1.92631
1.92568
1.90166
1.9264
1.93811
1.92586
1.93154
1.92132
1.92509
1.91079
1.92156
1.9291
1.94234
1.94247
1.93848
1.95613
1.93873
1.94423
1.94941
1.93305
1.94521
1.96569
1.96854
1.98379
1.99068
1.9818
1.9633
1.97089
1.98696
2.0007
1.98289
1.97786
2.00575
2.0202
2.00732
2.0088
2.01279
1.99295
1.99719
1.99853
2.02574
2.0299
2.01692
2.00206
1.99643
1.98363
2.00268
1.9906
2.00241
2.01191
2.01589
2.02551
2.02131
2.02433
2.02847
2.04379
2.02916
2.02573
2.0166
2.01822
2.02575
2.02754
2.02712
2.01408
2.02274
2.00268
1.99329
1.99951
2.00098
1.99461
2.01317
2.00866
1.99983
1.98639
1.99631
1.99188
1.97063
1.97879
1.98152
1.98633
1.97578
1.99201
1.98854
1.9839
1.99791
1.99387
2.00496
2.02393
2.01812
2.02516
2.03253
2.02428
2.01476
2.00738
2.00082
2.01434
2.00413
2.00661
2.02465
2.01981
2.02266
2.03431
1.98194
1.98674
2.01692
2.02896
2.02794
2.04267
2.03134
2.02207
2.02848
2.0436
2.03976
2.04896
2.04721
2.06432
2.052
2.06071
2.04819
2.04931
2.05038
2.05539
2.04166
2.0575
2.06264
2.0624
2.07721
2.07526
2.0596
2.05575
2.06226
2.06996
2.07828
2.08682
2.08987
2.09195
2.08439
2.09892
2.09222
2.0773
2.09898
2.09064
2.08382
2.09278
2.08724
2.08927
2.07179
2.08589
2.08264
2.07552
2.07934
2.0921
2.11999
2.1153
2.09801
2.06684
2.07264
2.04217
2.05858
2.06796
2.06091
2.07035
2.07575
2.10491
2.10694
2.09504
2.08521
2.10879
2.10668
2.09006
2.10075
2.09844
2.07225
2.09173
2.09332
2.08919
2.09955
2.05843
2.07132
2.06347
2.062
2.07338
2.08968
2.09004
2.07617
2.08068
2.08803
2.08892
2.06985
2.06996
2.07816
2.08067
2.07252
2.06938
2.07113
2.0683
2.08423
2.0911
2.03942
2.04667
2.04385
2.03271
2.04549
2.03721
2.03659
2.03441
2.03956
2.05812
2.03579
2.04719
2.04442
2.04704
2.03952
2.04877
2.04035
2.04413
2.0457
2.0669
2.06379
2.05744
2.06489
2.06733
2.03996
2.04941
2.05578
2.05926
2.05784
2.05789
2.04998
2.06374
2.06103
2.06575
2.0806
2.07186
2.08373
2.09223
2.09753
2.07658
2.09197
2.097
2.11833
2.12079
2.11209
2.12781
2.09755
2.10576
2.10465
2.11858
2.10889
2.11789
2.10849
2.1134
2.11782
2.1277
2.11386
2.12469
2.12619
2.12634
2.11506
2.12098
2.11978
2.12416
2.1187
2.12096
2.12493
2.11491
2.11745
2.136
2.13698
2.14242
2.1349
2.12584
2.12631
2.13058
2.11662
2.11662
2.11579
2.12033
2.1114
2.10617
2.12435
2.12936
2.13017
2.16691
2.153
2.15643
2.17142
2.16132
2.17527
2.16696
2.17592
2.17451
2.16874
2.17468
2.16358
2.16479
2.16973
2.16205
2.16073
2.15885
2.15296
2.14571
2.14793
2.16072
2.15868
2.16746
2.1545
2.15484
2.17107
2.17556
2.17731
2.18752
2.18206
2.18459
2.18408
2.19068
2.20504
2.18971
2.193
2.20089
2.22306
2.22976
2.22282
2.23362
2.22931
2.23856
2.23694
2.22408
2.22756
2.25211
2.24857
2.24123
2.25554
2.26094
2.27111
2.26048
2.26554
2.26213
2.27949
2.2743
2.27699
2.26605
2.27531
2.26716
2.2576
2.27613
2.28
2.25623
2.26188
2.26652
2.25802
2.26128
2.27281
2.28077
2.2809
2.26995
2.2809
2.26504
2.27695
2.2721
2.2687
2.25938
2.26551
2.2707
2.25932
2.2875
2.28509
2.30576
2.29428
2.30287
2.30413
2.30741
2.31483
2.31403
2.30345
2.31541
2.30076
2.28472
2.2918
2.29673
2.29523
2.27662
2.28547
2.28841
2.2789
2.26273
2.2487
2.25684
2.27368
2.2747
2.27495
2.26198
2.27636
2.27618
2.29065
2.28578
2.28805
2.29707
2.29285
2.28257
2.2878
2.28715
2.28987
2.26761
2.26939
2.28693
2.27598
2.2944
2.28945
2.28018
2.28878
2.29714
2.31308
2.31424
2.30689
2.30543
2.30032
2.29654
2.29251
2.28181
2.28566
2.30169
2.30202
2.31185
2.3136
2.3211
2.31703
2.31899
2.3333
2.34001
2.34584
2.3584
2.34563
2.34445
2.3472
2.34195
2.34569
2.34678
2.34719
2.34674
2.33754
2.3579
2.3521
2.37318
2.3912
2.38174
2.38144
2.38749
2.37308
2.3834
2.36927
2.36434
2.36287
2.3662
2.37166
2.38471
2.38261
2.37845
2.39226
2.39634
2.38921
2.36605
2.38551
2.37116
2.35294
2.3588
2.35839
2.36269
2.34498
2.34603
2.34857
2.34934
2.34236
2.36456
2.35197
2.35536
2.36212
2.35166
2.35412
2.33491
2.34513
2.34017
2.35576
2.37435
2.3749
2.38556
2.39195
2.38701
2.3971
2.39756
2.39713
2.39619
2.40516
2.4145
2.40727
2.40969
2.40399
2.41181
2.39853
2.40614
2.42148
2.4192
2.42796
2.41929
2.41099
2.42239
2.40509
2.36376
2.3538
2.39008
2.33091
2.30925
2.33555
2.33975
2.34469
2.37564
2.38767
2.38528
2.34873
2.34889
2.35208
2.37698
2.38466
2.35054
2.34603
2.34645
2.35185
2.3443
2.37786
2.36278
2.36226
2.39499
2.388
2.38385
2.3938
2.38554
2.39131
2.3758
2.38734
2.39862
2.36673
2.35406
2.39008
2.36488
2.37208
2.38339
2.36922
2.37963
2.36588
2.36852
2.35497
2.37211
2.38124
2.37283
2.37169
2.37802
2.3823
2.38598
2.39352
2.38492
2.37265
2.36909
2.36545
2.36087
2.38889
2.39916
2.38413
2.37778
2.36876
2.37776
2.37298
2.36137
2.36306
2.3616
2.38536
2.37464
2.3676
2.34354
2.35893
2.35025
2.35328
2.35888
2.3591
2.36816
2.36019
2.37194
2.35248
2.35758
2.34517
2.36352
2.35869
2.35437
2.36911
2.36017
2.35769
2.36327
2.35546
2.35235
2.34524
2.32509
2.32289
2.30261
2.31241
2.29235
2.30814
2.30488
2.30269
2.2939
2.29778
2.30862
2.28127
2.2808
2.27681
2.28721
2.29779
2.29486
2.2736
2.28857
2.289
2.29296
2.29314
2.28729
2.27708
2.29569
2.26804
2.2867
2.29639
2.27904
2.28938
2.28235
2.29525
2.28334
2.26512
2.28203
2.27323
2.29141
2.28433
2.28058
2.26106
2.24863
2.26743
2.23681
2.25255
2.25797
2.25522
2.27206
2.27461
2.26257
2.29377
2.29378
2.2884
2.28894
2.27942
2.29213
2.28082
2.27401
2.26916
2.26074
2.26371
2.27443
2.27308
2.28254
2.28344
2.26948
2.28428
2.28207
2.29983
2.29837
2.29054
2.29841
2.29848
2.30425
2.30093
2.29278
2.28224
2.27088
2.24715
2.25165
2.24613
2.2435
2.21444
2.20634
2.22175
2.21093
2.23233
2.21749
2.196
2.21466
2.21247
2.1971
2.17079
2.18517
2.15932
2.14698
2.16637
2.16602
2.19108
2.20226
2.18998
2.20049
2.21327
2.19036
2.17247
2.16569
2.18316
2.17806
2.20151
2.2048
2.18777
2.17487
2.18882
2.17662
2.20128
2.20315
2.2257
2.21147
2.19955
2.22908
2.20227
2.19801
2.18461
2.18711
2.18929
2.20286
2.19809
2.18175
2.1814
2.19466
2.18204
2.19457
2.18444
2.18429
2.19696
2.20208
2.21126
2.20658
2.19384
2.18438
2.20839
2.20579
2.19436
2.22296
2.22423
2.22398
2.21457
2.22945
2.24659
2.24547
2.24857
2.23595
2.2477
2.2575
2.2878
2.27538
2.28392
2.31365
2.30374
2.29251
2.29813
2.31646
2.30456
2.28998
2.27995
2.27919
2.29256
2.28213
2.2935
2.2945
2.29967
2.30633
2.2982
2.31103
2.31224
2.30782
2.30082
2.2785
2.28117
2.27598
2.27502
2.27014
2.25435
2.25401
2.26327
2.26878
2.26103
2.25382
2.27861
2.27932
2.27639
2.2832
2.28815
2.26634
2.27404
2.26846
2.25722
2.2635
2.26477
2.28478
2.28041
2.30122
2.30191
2.305
2.29995
2.30415
2.31287
2.30015
2.31738
2.31099
2.31302
2.31694
2.29675
2.29444
2.30265
2.27714
2.28036
2.28235
2.29692
2.28846
2.28208
2.28876
2.29139
2.27224
2.25862
2.26255
2.23267
2.24092
2.2034
2.2266
2.23218
2.21589
2.20475
2.20262
2.21519
2.21559
2.20765
2.20885
2.20616
2.1987
2.21641
2.21751
2.24159
2.24301
2.23089
2.233
2.2438
2.25307
2.26298
2.2505
2.24936
2.23974
2.24723
2.27645
2.27986
2.30102
2.28807
2.29458
2.28702
2.29638
2.30191
2.29981
2.29204
2.29099
2.27528
2.26479
2.24477
2.2437
2.26206
2.26128
2.26512
2.26315
2.26308
2.25679
2.27413
2.26754
2.27676
2.27497
2.27163
2.25388
2.25966
2.24718
2.24525
2.22407
2.2201
2.20384
2.16273
2.17822
2.18074
2.19077
2.18324
2.17716
2.19585
2.16764
2.18207
2.1939
2.18638
2.20403
2.2132
2.18781
2.18342
2.18723
2.19202
2.2019
2.20797
2.21633
2.21804
2.24215
2.24798
2.249
2.25051
2.25425
2.26445
2.27591
2.27669
2.25864
2.26376
2.26273
2.26411
2.27528
2.28008
2.27741
2.26205
2.26532
2.24584
2.26234
2.25607
2.24242
2.25928
2.26502
2.25099
2.26032
2.26727
2.2749
2.28243
2.27378
2.28388
2.2864
2.29196
2.27184
2.29013
2.29603
2.29521
2.29594
2.30019
2.30281
2.29572
2.29902
2.2932
2.31676
2.32162
2.32905
2.31514
2.32708
2.31758
2.30321
2.3075
2.29967
2.31607
2.33529
2.32521
2.32163
2.31112
2.29299
2.29889
2.31766
2.31463
2.3098
2.29152
2.28719
2.28122
2.28434
2.28159
2.29208
2.2835
2.29471
2.3096
2.34
2.33267
2.34068
2.35436
2.34992
2.35455
2.3585
2.35383
2.35126
2.35804
2.37304
2.36399
2.36464
2.36562
2.35379
2.35921
2.37122
2.36903
2.37322
2.38383
2.40261
2.3973
2.39152
2.40224
2.40551
2.3849
2.41328
2.40021
2.39994
2.36971
2.37243
2.37358
2.35346
2.33283
2.35324
2.37495
2.37933
2.3964
2.37774
2.3934
2.40403
2.41649
2.398
2.4079
2.39388
2.3986
2.36725
2.36349
2.30983
2.31314
2.32578
2.30453
2.30274
2.321
2.31198
2.34846
2.33138
2.32215
2.26756
2.3089
2.24466
2.13596
2.20194
2.04894
2.12377
2.02808
1.99695
2.04447
2.01685
2.14571
2.17876
2.21728
2.15566
2.17712
2.19207
2.12804
2.18708
2.16884
2.24181
2.24296
2.24172
2.24405
2.23867
2.26631
2.23759
2.25656
2.29202
2.26478
2.23759
2.27621
2.28101
2.28203
2.30453
2.30108
2.32886
2.29792
2.26629
2.2803
2.28586
2.27557
2.30353
2.3116
2.28883
2.28251
2.2887
2.30011
2.27953
2.32392
2.32331
2.33816
2.32369
2.3121
2.35211
2.34823
2.34345
2.36674
2.39401
2.4175
2.46221
2.43614
2.48448
2.48439
2.46575
2.48571
2.41105
2.43551
2.39146
2.42102
2.43795
2.43635
2.42581
2.4478
2.44727
2.44244
2.43867
2.43069
2.43455
2.43073
2.43655
2.45849
2.49291
2.464
2.47485
2.46591
2.45937
2.46428
2.47809
2.48744
2.47161
2.4859
2.4924
2.50036
2.49422
2.48106
2.48323
2.50977
2.51268
2.53978
2.52284
2.512
2.52831
2.54681
2.57672
2.59046
2.58161
2.61059
2.6078
2.62637
2.62199
2.60936
2.6298
2.58966
2.58005
2.54432
2.55051
2.57018
2.58594
2.59433
2.56794
2.58938
2.55613
2.58006
2.57649
2.56514
2.57388
2.57181
2.59136
2.57243
2.58825
2.61455
2.62402
2.62364
2.6137
2.60396
2.5866
2.5671
2.54335
2.53826
2.54066
2.5708
2.57101
2.58489
2.59585
2.5794
2.60693
2.58305
2.61571
2.61651
2.62586
2.61329
2.60464
2.59795
2.59135
2.58864
2.58403
2.59472
2.60192
2.58978
2.60688
2.58382
2.58643
2.56285
2.57125
2.54468
2.57095
2.59252
2.61498
2.64654
2.63602
2.6316
2.63901
2.64961
2.63813
2.66868
2.68166
2.67882
2.67528
2.67243
2.68238
2.69589
2.70748
2.69526
2.70451
2.68134
2.71102
2.72946
2.7432
2.76096
2.76125
2.74038
2.74548
2.75732
2.75139
2.74921
2.76892
2.75876
2.76292
2.75644
2.7526
2.73747
2.76548
2.78172
2.78523
2.80258
2.82292
2.81712
2.85018
2.87904
2.86979
2.88816
2.92996
2.91893
2.91559
2.91248
2.92292
2.88071
2.89658
2.91567
2.93562
2.91166
2.94105
2.91968
2.87597
2.89696
2.85313
2.90539
2.90567
2.9105
2.88556
2.90967
2.89875
2.90537
2.90874
2.91165
2.909
2.89574
2.88957
2.87191
2.89008
2.86578
2.87584
2.86256
2.83871
2.83552
2.86457
2.83412
2.85193
2.83698
2.85536
2.8217
2.85137
2.83392
2.86078
2.84369
2.86412
2.86223
2.86444
2.83019
2.84998
2.85423
2.82331
2.8286
2.84299
2.86283
2.84084
2.84295
2.86053
2.87145
2.88455
2.88454
2.86996
2.8785
2.86848
2.86822
2.89158
2.89422
2.90436
2.89939
2.89754
2.89639
2.89948
2.87929
2.8968
2.90036
2.88793
2.89006
2.88217
2.85513
2.86898
2.87068
2.88003
2.90254
2.91494
2.90424
2.89492
2.84707
2.87474
2.88857
2.8712
2.90024
2.88804
2.90073
2.88402
2.89725
2.90845
2.91144
2.8957
2.91426
2.92232
2.91772
2.9097
2.9346
2.92492
2.91683
2.90895
2.92614
2.9169
2.92139
2.91945
2.89715
2.89958
2.8932
2.90942
2.90503
2.91053
2.9258
2.93219
2.92205
2.91713
2.92172
2.91399
2.92527
2.91816
2.91496
2.89243
2.90478
2.91245
2.9055
2.92485
2.92849
2.90997
2.8871
2.9109
2.89827
2.91128
2.9099
2.90828
2.89902
2.91345
2.9201
2.88909
2.89767
2.91478
2.9308
2.92733
2.90223
2.89713
2.87994
2.88141
2.86745
2.86794
2.86414
2.83962
2.85625
2.83104
2.83078
2.85149
2.86614
2.85979
2.84519
2.87275
2.85459
2.88315
2.89104
2.8724
2.89193
2.86627
2.85087
2.83737
2.83686
2.848
2.85405
2.86462
2.82993
2.82799
2.80602
2.81232
2.82276
2.84542
2.81693
2.82776
2.79165
2.7846
2.79861
2.79492
2.77526
2.76834
2.74493
2.7669
2.75747
2.75712
2.73752
2.77337
2.78871
2.79396
2.78084
2.80679
2.79411
2.78516
2.79118
2.81144
2.81277
2.79875
2.80312
2.7706
2.78274
2.79487
2.77622
2.78281
2.79112
2.78987
2.79615
2.75763
2.7779
2.79707
2.79463
2.79287
2.77968
2.76953
2.77325
2.79693
2.78157
2.77991
2.72948
2.74135
2.72882
2.75266
2.77464
2.77342
2.79209
2.80953
2.80911
2.7981
2.80274
2.79081
2.78674
2.80273
2.79976
2.80678
2.77988
2.79447
2.80679
2.80984
2.81455
2.80874
2.80864
2.79739
2.79818
2.78783
2.79162
2.76663
2.7553
2.78932
2.76502
2.7991
2.81672
2.79493
2.77459
2.73887
2.75889
2.75045
2.7406
2.71898
2.70614
2.68501
2.65952
2.68223
2.71346
2.71987
2.72754
2.70122
2.70913
2.71199
2.71439
2.73562
2.71583
2.71763
2.70547
2.70921
2.72559
2.722
2.7226
2.71679
2.7
2.68124
2.72181
2.71855
2.71565
2.71135
2.72017
2.69825
2.66295
2.68633
2.72243
2.67893
2.66407
2.65712
2.66871
2.71733
2.71331
2.70863
2.68182
2.70401
2.69525
2.70388
2.68573
2.69849
2.72516
2.70224
2.69918
2.69484
2.71531
2.68742
2.67696
2.66939
2.66242
2.65814
2.66935
2.69473
2.66159
2.66389
2.67057
2.68449
2.65647
2.64643
2.6364
2.61301
2.61841
2.64246
2.64972
2.63841
2.64587
2.66635
2.61718
2.63179
2.59754
2.60414
2.59922
2.58236
2.63263
2.61535
2.63972
2.5976
2.62949
2.63368
2.65558
2.63456
2.63344
2.64584
2.65584
2.63684
2.63616
2.65804
2.62799
2.63173
2.63311
2.62603
2.60936
2.59593
2.5554
2.57237
2.5796
2.54881
2.56166
2.56035
2.53756
2.5324
2.56974
2.55886
2.55031
2.5427
2.55194
2.53226
2.52698
2.52077
2.53903
2.53782
2.50947
2.52239
2.52736
2.50558
2.52824
2.53505
2.55399
2.53357
2.56108
2.54972
2.55417
2.55258
2.57409
2.58652
2.57882
2.57941
2.57068
2.59379
2.59895
2.5866
2.59707
2.58963
2.60837
2.5932
2.61869
2.60231
2.61048
2.58894
2.58103
2.56438
2.54715
2.55777
2.56013
2.58529
2.54892
2.54079
2.5409
2.55192
2.52049
2.52036
2.50235
2.52372
2.50749
2.5347
2.54063
2.50198
2.52339
2.49574
2.50996
2.49833
2.48524
2.48039
2.46678
2.43508
2.42169
2.42076
2.43377
2.40929
2.39684
2.43258
2.47577
2.44402
2.44889
2.42351
2.41044
2.41757
2.43074
2.42272
2.41381
2.45002
2.44495
2.42327
2.42711
2.44234
2.4295
2.46006
2.46707
2.45852
2.46618
2.46377
2.48224
2.45866
2.46605
2.5039
2.4982
2.5181
2.50335
2.55684
2.57968
2.53251
2.55674
2.52443
2.52049
2.52885
2.49721
2.52111
2.53861
2.51321
2.50416
2.53442
2.57267
2.54725
2.54692
2.51183
2.50119
2.52184
2.52037
2.52685
2.51953
2.54335
2.5304
2.48616
2.51333
2.51015
2.52076
2.50939
2.4972
2.50322
2.5034
2.48039
2.49492
2.47382
2.46513
2.51708
2.49777
2.56223
2.57252
2.5655
2.57182
2.58739
2.59397
2.58922
2.57618
2.59435
2.60512
2.61415
2.61389
2.62034
2.63749
2.64141
2.61223
2.60848
2.64408
2.63274
2.59369
2.57081
2.60011
2.60131
2.59745
2.59416
2.598
2.59988
2.56518
2.58262
2.5782
2.56438
2.56028
2.57742
2.53619
2.55086
2.55148
2.5718
2.55438
2.58565
2.57471
2.54519
2.56161
2.54049
2.55829
2.58327
2.54712
2.54354
2.57775
2.56618
2.57822
2.57574
2.58818
2.60583
2.58022
2.57844
2.59214
2.58923
2.61225
2.61387
2.61693
2.61941
2.62503
2.61349
2.63347
2.65324
2.65879
2.69543
2.66176
2.65095
2.66462
2.65144
2.65872
2.64223
2.64074
2.61482
2.62517
2.63644
2.64254
2.62881
2.64298
2.64017
2.6466
2.65173
2.64734
2.64118
2.64682
2.61953
2.60944
2.63657
2.61574
2.6415
2.64008
2.65942
2.67263
2.65191
2.65276
2.64152
2.67142
2.67793
2.66356
2.6874
2.70163
2.69769
2.70553
2.68149
2.71032
2.72028
2.71327
2.72383
2.70092
2.71253
2.69758
2.68081
2.67295
2.66966
2.65322
2.67173
2.67825
2.65085
2.6449
2.66947
2.68984
2.66039
2.63841
2.65017
2.64637
2.67059
2.7035
2.71192
2.70738
2.71571
2.71339
2.71025
2.68523
2.69414
2.72136
2.72996
2.72105
2.69202
2.72236
2.71656
2.71588
2.68577
2.68743
2.68124
2.68133
2.6683
2.68336
2.67087
2.65851
2.65543
2.64826
2.626
2.62987
2.62494
2.63126
2.62685
2.64574
2.63518
2.6423
2.65011
2.66834
2.66046
2.65372
2.66639
2.64958
2.64519
2.64279
2.64428
2.66274
2.63774
2.64057
2.6582
2.66166
2.66693
2.65457
2.64582
2.61478
2.62844
2.61677
2.58401
2.59041
2.59888
2.58717
2.57604
2.56426
2.56791
2.56622
2.57309
2.57805
2.58085
2.59894
2.58303
2.59618
2.60131
2.59463
2.58987
2.57942
2.56899
2.56911
2.57197
2.55233
2.54036
2.5332
2.55676
2.53206
2.55865
2.58921
2.61027
2.63587
2.61254
2.59712
2.58699
2.59648
2.59002
2.6361
2.63021
2.64301
2.62838
2.65064
2.63988
2.64315
2.63576
2.63878
2.66932
2.66033
2.65165
2.67121
2.64173
2.63949
2.63856
2.65035
2.64907
2.6579
2.66364
2.68985
2.70199
2.6855
2.68264
2.71335
2.70906
2.72848
2.72357
2.73325
2.74967
2.76744
2.74799
2.73928
2.72018
2.70595
2.70811
2.71508
2.68781
2.68377
2.68802
2.68566
2.64089
2.61947
2.64395
2.65414
2.63897
2.64901
2.64777
2.6426
2.65586
2.67197
2.66612
2.65755
2.7003
2.7127
2.70431
2.70568
2.7224
